0.39056706 -0.13019001 -0.9113221
2.36158 102.33499 10.487345 7.640259 86.089226 38.12693 7.640259 118.58076 38.12693 10 218 107
2.36158 102.33499 10.487345 6.436302 118.39698 -12.758184 6.436302 86.273 -12.758184 10 210 101
6.436302 86.273 -12.758184 20.099823 76.34595 -40.085106 16.18116 59.802795 -17.152271 10 211 101
6.436302 118.39698 -12.758184 7.255791 133.23625 10.487345 16.18116 144.86719 -17.152271 10 218 106
6.436302 118.39698 -12.758184 2.36158 102.33499 10.487345 7.255791 133.23625 10.487345 10 213 100
6.436302 86.273 -12.758184 7.255791 71.43373 10.487345 2.36158 102.33499 10.487345 10 211 101
7.255791 71.43373 10.487345 16.18116 59.802795 -17.152271 21.459732 43.55667 10.487345 10 212 105
7.255791 133.23625 10.487345 15.315071 145.7233 33.73299 21.459732 161.11331 10.487345 10 217 108
7.255791 71.43373 10.487345 15.315071 58.946686 33.73299 7.640259 86.089226 38.12693 10 218 102
7.255791 133.23625 10.487345 7.640259 118.58076 38.12693 15.315071 145.7233 33.73299 10 201 103
7.640259 86.089226 38.12693 20.534386 75.008804 61.059967 17.296791 102.33499 63.060936 10 219 106
7.640259 86.089226 38.12693 2.36158 102.33499 10.487345 7.255791 71.43373 10.487345 10 206 100
7.640259 118.58076 38.12693 7.255791 133.23625 10.487345 2.36158 102.33499 10.487345 10 211 106
7.640259 118.58076 38.12693 17.296791 102.33499 63.060936 20.534386 129.66118 61.059967 10 202 103
12.919083 102.33499 -34.234154 6.436302 118.39698 -12.758184 20.099823 128.32404 -40.085106 10 213 107
12.919083 102.33499 -34.234154 6.436302 86.273 -12.758184 6.436302 118.39698 -12.758184 10 204 105
15.315071 58.946686 33.73299 21.459732 43.55667 10.487345 34.19745 32.957108 33.733 10 215 105
15.315071 145.7233 33.73299 30.00158 154.90698 55.208847 34.19745 171.71288 33.733 10 205 101
15.315071 58.946686 33.73299 30.00158 49.762993 55.208847 20.534386 75.008804 61.059967 10 213 108
15.315071 145.7233 33.73299 20.534386 129.66118 61.059967 30.00158 154.90698 55.208847 10 213 107
16.18116 59.802795 -17.152271 7.255791 71.43373 10.487345 6.436302 86.273 -12.758184 10 200 100
16.18116 59.802795 -17.152271 33.542656 52.3353 -42.086273 35.27954 33.516006 -17.152267 10 200 109
16.18116 144.86719 -17.152271 21.459732 161.11331 10.487345 35.27954 171.15398 -17.152267 10 219 102
16.18116 144.86719 -17.152271 20.099823 128.32404 -40.085106 6.436302 118.39698 -12.758184 10 209 107
17.296791 102.33499 63.060936 7.640259 118.58076 38.12693 7.640259 86.089226 38.12693 10 206 106
17.296791 102.33499 63.060936 35.279877 118.58067 82.848404 20.534386 129.66118 61.059967 10 202 106
20.099823 76.34595 -40.085106 28.54419 102.33499 -56.97371 38.54213 76.048615 -61.87359 10 201 102
20.099823 128.32404 -40.085106 38.54213 128.62137 -61.87359 28.54419 102.33499 -56.97371 10 218 100
20.099823 76.34595 -40.085106 6.436302 86.273 -12.758184 12.919083 102.33499 -34.234154 10 214 106
20.099823 128.32404 -40.085106 16.18116 144.86719 -17.152271 33.542656 152.33469 -42.086273 10 211 107
20.534386 75.008804 61.059967 7.640259 86.089226 38.12693 15.315071 58.946686 33.73299 10 200 102
20.534386 129.66118 61.059967 15.315071 145.7233 33.73299 7.640259 118.58076 38.12693 10 212 102
20.534386 129.66118 61.059967 42.642136 145.7232 77.94883 30.00158 154.90698 55.208847 10 200 104
20.534386 75.008804 61.059967 35.279877 86.08931 82.848404 17.296791 102.33499 63.060936 10 207 101
21.459732 43.55667 10.487345 35.27954 33.516006 -17.152267 43.58302 21.43332 10.487345 10 216 102
21.459732 43.55667 10.487345 15.315071 58.946686 33.73299 7.255791 71.43373 10.487345 10 202 107
21.459732 161.11331 10.487345 16.18116 144.86719 -17.152271 7.255791 133.23625 10.487345 10 208 101
21.459732 161.11331 10.487345 34.19745 171.71288 33.733 43.58302 183.23666 10.487345 10 203 108
28.54419 102.33499 -56.97371 20.099823 76.34595 -40.085106 12.919083 102.33499 -34.234154 10 200 106
28.54419 102.33499 -56.97371 12.919083 102.33499 -34.234154 20.099823 128.32404 -40.085106 10 200 106
30.00158 49.762993 55.208847 42.642136 58.946785 77.94883 20.534386 75.008804 61.059967 10 216 104
30.00158 154.90698 55.208847 42.642136 145.7232 77.94883 51.086285 171.71252 61.06009 10 205 101
33.542656 52.3353 -42.086273 38.54213 76.048615 -61.87359 57.640526 49.762276 -61.873802 10 213 109
33.542656 152.33469 -42.086273 57.640526 154.90771 -61.873802 38.54213 128.62137 -61.87359 10 215 102
33.542656 52.3353 -42.086273 16.18116 59.802795 -17.152271 20.099823 76.34595 -40.085106 10 212 106
33.542656 152.33469 -42.086273 35.27954 171.15398 -17.152267 52.224274 172.53934 -40.08539 10 211 106
34.19745 32.957108 33.733 30.00158 49.762993 55.208847 15.315071 58.946686 33.73299 10 202 104
34.19745 171.71288 33.733 21.459732 161.11331 10.487345 15.315071 145.7233 33.73299 10 214 104
34.19745 32.957108 33.733 51.086285 32.957466 61.06009 30.00158 49.762993 55.208847 10 207 109
34.19745 171.71288 33.733 30.00158 154.90698 55.208847 51.086285 171.71252 61.06009 10 218 101
35.27954 33.516006 -17.152267 21.459732 43.55667 10.487345 16.18116 59.802795 -17.152271 10 204 104
35.27954 33.516006 -17.152267 52.224274 32.130653 -40.08539 57.443092 16.068153 -12.758322 10 210 106
35.27954 171.15398 -17.152267 43.58302 183.23666 10.487345 57.443092 188.60184 -12.758322 10 200 109
35.27954 171.15398 -17.152267 33.542656 152.33469 -42.086273 16.18116 144.86719 -17.152271 10 211 105
35.279877 118.58067 82.848404 59.829308 133.23613 95.552765 42.642136 145.7232 77.94883 10 207 106
35.279877 118.58067 82.848404 17.296791 102.33499 63.060936 35.279877 86.08931 82.848404 10 201 102
35.279877 86.08931 82.848404 57.640587 102.33499 99.930244 35.279877 118.58067 82.848404 10 216 104
35.279877 86.08931 82.848404 20.534386 75.008804 61.059967 42.642136 58.946785 77.94883 10 209 100
38.54213 76.048615 -61.87359 49.788597 102.33499 -74.57782 66.18154 76.04869 -78.955574 10 212 109
38.54213 76.048615 -61.87359 33.542656 52.3353 -42.086273 20.099823 76.34595 -40.085106 10 205 105
38.54213 128.62137 -61.87359 20.099823 128.32404 -40.085106 33.542656 152.33469 -42.086273 10 216 104
38.54213 128.62137 -61.87359 66.18154 128.62129 -78.955574 49.788597 102.33499 -74.57782 10 205 108
42.642136 58.946785 77.94883 51.086285 32.957466 61.06009 66.18123 43.557076 82.84851 10 213 104
42.642136 145.7232 77.94883 20.534386 129.66118 61.059967 35.279877 118.58067 82.848404 10 215 102
42.642136 58.946785 77.94883 59.829308 71.43385 95.552765 35.279877 86.08931 82.848404 10 208 103
42.642136 145.7232 77.94883 59.829308 133.23613 95.552765 66.18123 161.11292 82.84851 10 212 108
43.58302 21.43332 10.487345 34.19745 32.957108 33.733 21.459732 43.55667 10.487345 10 203 107
43.58302 183.23666 10.487345 35.27954 171.15398 -17.152267 21.459732 161.11331 10.487345 10 201 108
43.58302 21.43332 10.487345 57.639996 17.270142 38.12703 34.19745 32.957108 33.733 10 210 103
43.58302 183.23666 10.487345 34.19745 171.71288 33.733 57.639996 187.39984 38.12703 10 216 100
49.788597 102.33499 -74.57782 38.54213 76.048615 -61.87359 28.54419 102.33499 -56.97371 10 206 104
49.788597 102.33499 -74.57782 28.54419 102.33499 -56.97371 38.54213 128.62137 -61.87359 10 204 107
51.086285 32.957466 61.06009 34.19745 32.957108 33.733 57.639996 17.270142 38.12703 10 203 109
51.086285 171.71252 61.06009 57.639996 187.39984 38.12703 34.19745 171.71288 33.733 10 207 100
51.086285 32.957466 61.06009 42.642136 58.946785 77.94883 30.00158 49.762993 55.208847 10 217 108
51.086285 171.71252 61.06009 66.18123 161.11292 82.84851 76.07469 183.23616 63.06111 10 212 103
52.224274 32.130653 -40.08539 57.640526 49.762276 -61.873802 79.55124 32.130775 -56.974174 10 211 105
52.224274 172.53934 -40.08539 79.55124 172.53922 -56.974174 57.640526 154.90771 -61.873802 10 201 102
52.224274 32.130653 -40.08539 35.27954 33.516006 -17.152267 33.542656 52.3353 -42.086273 10 206 108
52.224274 172.53934 -40.08539 57.443092 188.60184 -12.758322 74.72308 187.39899 -34.234154 10 205 105
57.443092 16.068153 -12.758322 43.58302 21.43332 10.487345 35.27954 33.516006 -17.152267 10 218 101
57.443092 188.60184 -12.758322 52.224274 172.53934 -40.08539 35.27954 171.15398 -17.152267 10 218 106
57.443092 16.068153 -12.758322 71.459854 7.229347 10.487345 43.58302 21.43332 10.487345 10 204 103
57.443092 188.60184 -12.758322 43.58302 183.23666 10.487345 71.459854 197.44064 10.487345 10 218 108
57.639996 17.270142 38.12703 43.58302 21.43332 10.487345 71.459854 7.229347 10.487345 10 215 108
57.639996 17.270142 38.12703 76.07469 21.433823 63.06111 51.086285 32.957466 61.06009 10 214 109
57.639996 187.39984 38.12703 51.086285 171.71252 61.06009 76.07469 183.23616 63.06111 10 202 105
57.639996 187.39984 38.12703 71.459854 197.44064 10.487345 43.58302 183.23666 10.487345 10 203 108
57.640526 49.762276 -61.873802 52.224274 32.130653 -40.08539 33.542656 52.3353 -42.086273 10 219 106
57.640526 49.762276 -61.873802 66.18154 76.04869 -78.955574 86.11603 52.33546 -74.578094 10 209 104
57.640526 154.90771 -61.873802 86.11603 152.33452 -74.578094 66.18154 128.62129 -78.955574 10 217 107
57.640526 154.90771 -61.873802 33.542656 152.33469 -42.086273 52.224274 172.53934 -40.08539 10 216 100
57.640587 102.33499 99.930244 35.279877 86.08931 82.848404 59.829308 71.43385 95.552765 10 210 101
57.640587 102.33499 99.930244 80.25401 118.39689 106.68127 59.829308 133.23613 95.552765 10 219 109
59.829308 71.43385 95.552765 66.18123 43.557076 82.84851 88.541855 59.80304 99.93033 10 207 103
59.829308 133.23613 95.552765 35.279877 118.58067 82.848404 57.640587 102.33499 99.930244 10 213 104
59.829308 71.43385 95.552765 80.25401 86.273094 106.68127 57.640587 102.33499 99.930244 10 201 105
59.829308 133.23613 95.552765 80.25401 118.39689 106.68127 88.541855 144.86694 99.93033 10 204 102
66.18123 43.557076 82.84851 59.829308 71.43385 95.552765 42.642136 58.946785 77.94883 10 213 109
66.18123 43.557076 82.84851 76.07469 21.433823 63.06111 97.08254 33.51645 82.848526 10 206 104
66.18123 161.11292 82.84851 88.541855 144.86694 99.93033 97.08254 171.15353 82.848526 10 206 104
66.18123 161.11292 82.84851 51.086285 171.71252 61.06009 42.642136 145.7232 77.94883 10 215 104
66.18154 76.04869 -78.955574 57.640526 49.762276 -61.873802 38.54213 76.048615 -61.87359 10 216 109
66.18154 76.04869 -78.955574 75.035 102.33499 -85.70651 93.91741 76.34607 -85.70658 10 209 108
66.18154 128.62129 -78.955574 38.54213 128.62137 -61.87359 57.640526 154.90771 -61.873802 10 213 109
66.18154 128.62129 -78.955574 93.91741 128.32391 -85.70658 75.035 102.33499 -85.70651 10 217 100
71.459854 7.229347 10.487345 88.541725 7.229477 38.127052 57.639996 17.270142 38.12703 10 207 100
71.459854 7.229347 10.487345 57.443092 16.068153 -12.758322 87.99545 6.1411514 -12.758307 10 218 102
71.459854 197.44064 10.487345 57.639996 187.39984 38.12703 88.541725 197.4405 38.127052 10 218 104
71.459854 197.44064 10.487345 87.99545 198.52884 -12.758307 57.443092 188.60184 -12.758322 10 219 107
74.72308 17.270988 -34.234154 57.443092 16.068153 -12.758322 52.224274 32.130653 -40.08539 10 215 100
74.72308 187.39899 -34.234154 87.99545 198.52884 -12.758307 101.65903 188.60144 -40.08542 10 211 101
74.72308 17.270988 -34.234154 87.99545 6.1411514 -12.758307 57.443092 16.068153 -12.758322 10 208 101
74.72308 187.39899 -34.234154 57.443092 188.60184 -12.758322 87.99545 198.52884 -12.758307 10 213 105
75.035 102.33499 -85.70651 66.18154 76.04869 -78.955574 49.788597 102.33499 -74.57782 10 212 102
75.035 102.33499 -85.70651 49.788597 102.33499 -74.57782 66.18154 128.62129 -78.955574 10 208 102
76.07469 21.433823 63.06111 57.639996 17.270142 38.12703 88.541725 7.229477 38.127052 10 208 102
76.07469 183.23616 63.06111 88.541725 197.4405 38.127052 57.639996 187.39984 38.12703 10 210 104
76.07469 21.433823 63.06111 66.18123 43.557076 82.84851 51.086285 32.957466 61.06009 10 217 104
76.07469 183.23616 63.06111 97.08254 171.15353 82.848526 103.06413 188.60144 61.060112 10 215 104
79.55124 32.130775 -56.974174 101.65903 16.068535 -40.08542 74.72308 17.270988 -34.234154 10 202 100
79.55124 32.130775 -56.974174 74.72308 17.270988 -34.234154 52.224274 32.130653 -40.08539 10 216 109
79.55124 172.53922 -56.974174 52.224274 172.53934 -40.08539 74.72308 187.39899 -34.234154 10 219 109
79.55124 172.53922 -56.974174 74.72308 187.39899 -34.234154 101.65903 188.60144 -40.08542 10 201 103
80.25401 86.273094 106.68127 88.541855 59.80304 99.93033 110.80575 76.34607 106.68127 10 218 100
80.25401 86.273094 106.68127 102.36158 102.33499 110.48734 80.25401 118.39689 106.68127 10 208 104
80.25401 118.39689 106.68127 57.640587 102.33499 99.930244 80.25401 86.273094 106.68127 10 203 109
80.25401 118.39689 106.68127 102.36158 102.33499 110.48734 110.80575 128.32391 106.68127 10 206 107
86.11603 52.33546 -74.578094 107.64062 33.51645 -61.87384 79.55124 32.130775 -56.974174 10 217 101
86.11603 52.33546 -74.578094 79.55124 32.130775 -56.974174 57.640526 49.762276 -61.873802 10 205 108
86.11603 152.33452 -74.578094 57.640526 154.90771 -61.873802 79.55124 172.53922 -56.974174 10 208 103
86.11603 152.33452 -74.578094 79.55124 172.53922 -56.974174 107.64062 171.15353 -61.87384 10 202 103
87.99545 6.1411514 -12.758307 101.65903 16.068535 -40.08542 116.181435 7.229477 -17.15236 10 209 109
87.99545 198.52884 -12.758307 102.36158 202.33499 10.487345 116.181435 197.4405 -17.15236 10 202 108
87.99545 6.1411514 -12.758307 102.36158 2.3349915 10.487345 71.459854 7.229347 10.487345 10 219 104
87.99545 198.52884 -12.758307 71.459854 197.44064 10.487345 102.36158 202.33499 10.487345 10 210 101
88.541725 7.229477 38.127052 103.06413 16.068535 61.060112 76.07469 21.433823 63.06111 10 200 108
88.541725 7.229477 38.127052 71.459854 7.229347 10.487345 102.36158 2.3349915 10.487345 10 219 101
88.541725 197.4405 38.127052 102.36158 202.33499 10.487345 71.459854 197.44064 10.487345 10 203 101
88.541725 197.4405 38.127052 76.07469 183.23616 63.06111 103.06413 188.60144 61.060112 10 211 108
88.541855 59.80304 99.93033 97.08254 33.51645 82.848526 118.60713 52.33546 95.55278 10 211 100
88.541855 59.80304 99.93033 80.25401 86.273094 106.68127 59.829308 71.43385 95.552765 10 206 100
88.541855 144.86694 99.93033 66.18123 161.11292 82.84851 59.829308 133.23613 95.552765 10 210 103
88.541855 144.86694 99.93033 110.80575 128.32391 106.68127 118.60713 152.33452 95.55278 10 207 106
93.91741 76.34607 -85.70658 116.181305 59.80304 -78.95564 86.11603 52.33546 -74.578094 10 214 106
93.91741 76.34607 -85.70658 86.11603 52.33546 -74.578094 66.18154 76.04869 -78.955574 10 216 104
93.91741 128.32391 -85.70658 66.18154 128.62129 -78.955574 86.11603 152.33452 -74.578094 10 211 103
93.91741 128.32391 -85.70658 86.11603 152.33452 -74.578094 116.181305 144.86694 -78.95564 10 203 102
97.08254 33.51645 82.848526 88.541855 59.80304 99.93033 66.18123 43.557076 82.84851 10 205 104
97.08254 33.51645 82.848526 103.06413 16.068535 61.060112 125.17192 32.130775 77.94886 10 207 105
97.08254 171.15353 82.848526 118.60713 152.33452 95.55278 125.17192 172.53922 77.94886 10 202 101
97.08254 171.15353 82.848526 76.07469 183.23616 63.06111 66.18123 161.11292 82.84851 10 214 104
101.65903 16.068535 -40.08542 79.55124 32.130775 -56.974174 107.64062 33.51645 -61.87384 10 219 104
101.65903 188.60144 -40.08542 107.64062 171.15353 -61.87384 79.55124 172.53922 -56.974174 10 207 103
101.65903 16.068535 -40.08542 87.99545 6.1411514 -12.758307 74.72308 17.270988 -34.234154 10 201 106
101.65903 188.60144 -40.08542 116.181435 197.4405 -17.15236 128.64847 183.23616 -42.086426 10 210 102
102.36158 102.33499 -89.51266 124.46915 86.273094 -85.70658 93.91741 76.34607 -85.70658 10 212 101
102.36158 102.33499 -89.51266 124.46915 118.39689 -85.70658 124.46915 86.273094 -85.70658 10 205 101
102.36158 102.33499 -89.51266 93.91741 76.34607 -85.70658 75.035 102.33499 -85.70651 10 208 101
102.36158 102.33499 -89.51266 75.035 102.33499 -85.70651 93.91741 128.32391 -85.70658 10 208 107
102.36158 102.33499 -89.51266 93.91741 128.32391 -85.70658 124.46915 118.39689 -85.70658 10 203 102
102.36158 2.3349915 10.487345 116.181435 7.229477 -17.15236 133.2633 7.229347 10.487345 10 208 107
102.36158 202.33499 10.487345 116.72771 198.52884 33.732994 133.2633 197.44064 10.487345 10 218 104
102.36158 2.3349915 10.487345 116.72771 6.1411514 33.732994 88.541725 7.229477 38.127052 10 204 102
102.36158 202.33499 10.487345 88.541725 197.4405 38.127052 116.72771 198.52884 33.732994 10 203 105
103.06413 16.068535 61.060112 88.541725 7.229477 38.127052 116.72771 6.1411514 33.732994 10 212 105
103.06413 188.60144 61.060112 116.72771 198.52884 33.732994 88.541725 197.4405 38.127052 10 207 102
103.06413 16.068535 61.060112 97.08254 33.51645 82.848526 76.07469 21.433823 63.06111 10 219 103
103.06413 188.60144 61.060112 125.17192 172.53922 77.94886 130.00008 187.39899 55.208847 10 212 108
107.64062 33.51645 -61.87384 86.11603 52.33546 -74.578094 116.181305 59.80304 -78.95564 10 211 102
107.64062 33.51645 -61.87384 128.64847 21.433823 -42.086426 101.65903 16.068535 -40.08542 10 211 102
107.64062 171.15353 -61.87384 101.65903 188.60144 -40.08542 128.64847 183.23616 -42.086426 10 202 103
107.64062 171.15353 -61.87384 116.181305 144.86694 -78.95564 86.11603 152.33452 -74.578094 10 205 107
110.80575 76.34607 106.68127 138.54163 76.04869 99.93026 129.68816 102.33499 106.6812 10 207 108
110.80575 76.34607 106.68127 102.36158 102.33499 110.48734 80.25401 86.273094 106.68127 10 209 109
110.80575 128.32391 106.68127 88.541855 144.86694 99.93033 80.25401 118.39689 106.68127 10 205 104
110.80575 128.32391 106.68127 102.36158 102.33499 110.48734 129.68816 102.33499 106.6812 10 217 101
116.181305 59.80304 -78.95564 138.54193 43.557076 -61.873825 107.64062 33.51645 -61.87384 10 207 103
116.181305 59.80304 -78.95564 93.91741 76.34607 -85.70658 124.46915 86.273094 -85.70658 10 215 109
116.181305 144.86694 -78.95564 107.64062 171.15353 -61.87384 138.54193 161.11292 -61.873825 10 206 100
116.181305 144.86694 -78.95564 124.46915 118.39689 -85.70658 93.91741 128.32391 -85.70658 10 216 108
116.181435 7.229477 -17.15236 102.36158 2.3349915 10.487345 87.99545 6.1411514 -12.758307 10 219 103
116.181435 7.229477 -17.15236 128.64847 21.433823 -42.086426 147.08316 17.270142 -17.152342 10 200 103
116.181435 197.4405 -17.15236 133.2633 197.44064 10.487345 147.08316 187.39984 -17.152342 10 219 102
116.181435 197.4405 -17.15236 101.65903 188.60144 -40.08542 87.99545 198.52884 -12.758307 10 212 108
116.72771 6.1411514 33.732994 133.2633 7.229347 10.487345 147.28006 16.068153 33.73301 10 212 105
116.72771 198.52884 33.732994 130.00008 187.39899 55.208847 147.28006 188.60184 33.73301 10 212 101
116.72771 6.1411514 33.732994 130.00008 17.270988 55.208847 103.06413 16.068535 61.060112 10 204 104
116.72771 198.52884 33.732994 103.06413 188.60144 61.060112 130.00008 187.39899 55.208847 10 203 108
118.60713 52.33546 95.55278 147.08264 49.762276 82.84849 138.54163 76.04869 99.93026 10 202 109
118.60713 52.33546 95.55278 110.80575 76.34607 106.68127 88.541855 59.80304 99.93033 10 209 106
118.60713 152.33452 95.55278 97.08254 171.15353 82.848526 88.541855 144.86694 99.93033 10 218 108
118.60713 152.33452 95.55278 110.80575 128.32391 106.68127 138.54163 128.62129 99.93026 10 208 102
124.46915 86.273094 -85.70658 144.89386 71.43385 -74.57808 116.181305 59.80304 -78.95564 10 203 107
124.46915 118.39689 -85.70658 144.89386 133.23613 -74.57808 147.08258 102.33499 -78.95556 10 205 101
124.46915 86.273094 -85.70658 147.08258 102.33499 -78.95556 144.89386 71.43385 -74.57808 10 213 109
124.46915 118.39689 -85.70658 116.181305 144.86694 -78.95564 144.89386 133.23613 -74.57808 10 208 104
125.17192 32.130775 77.94886 152.49889 32.130653 61.060074 147.08264 49.762276 82.84849 10 216 101
125.17192 32.130775 77.94886 118.60713 52.33546 95.55278 97.08254 33.51645 82.848526 10 216 109
125.17192 172.53922 77.94886 103.06413 188.60144 61.060112 97.08254 171.15353 82.848526 10 208 102
125.17192 172.53922 77.94886 118.60713 152.33452 95.55278 147.08264 154.90771 82.84849 10 200 105
128.64847 21.433823 -42.086426 107.64062 33.51645 -61.87384 138.54193 43.557076 -61.873825 10 203 109
128.64847 183.23616 -42.086426 138.54193 161.11292 -61.873825 107.64062 171.15353 -61.87384 10 200 101
128.64847 21.433823 -42.086426 116.181435 7.229477 -17.15236 101.65903 16.068535 -40.08542 10 201 106
128.64847 183.23616 -42.086426 147.08316 187.39984 -17.152342 153.63687 171.71252 -40.085403 10 203 106
129.68816 102.33499 106.6812 102.36158 102.33499 110.48734 110.80575 76.34607 106.68127 10 213 100
129.68816 102.33499 106.6812 138.54163 128.62129 99.93026 110.80575 128.32391 106.68127 10 217 101
130.00008 17.270988 55.208847 125.17192 32.130775 77.94886 103.06413 16.068535 61.060112 10 212 104
130.00008 187.39899 55.208847 125.17192 172.53922 77.94886 152.49889 172.53934 61.060074 10 214 100
133.2633 7.229347 10.487345 147.08316 17.270142 -17.152342 161.14014 21.43332 10.487345 10 206 104
133.2633 7.229347 10.487345 116.72771 6.1411514 33.732994 102.36158 2.3349915 10.487345 10 218 106
133.2633 197.44064 10.487345 116.181435 197.4405 -17.15236 102.36158 202.33499 10.487345 10 208 109
133.2633 197.44064 10.487345 147.28006 188.60184 33.73301 161.14014 183.23666 10.487345 10 206 108
138.54163 76.04869 99.93026 166.18103 76.048615 82.848274 154.93457 102.33499 95.552505 10 202 101
138.54163 76.04869 99.93026 110.80575 76.34607 106.68127 118.60713 52.33546 95.55278 10 213 102
138.54163 128.62129 99.93026 147.08264 154.90771 82.84849 118.60713 152.33452 95.55278 10 218 104
138.54163 128.62129 99.93026 129.68816 102.33499 106.6812 154.93457 102.33499 95.552505 10 216 100
138.54193 43.557076 -61.873825 153.63687 32.957466 -40.085403 128.64847 21.433823 -42.086426 10 202 105
138.54193 43.557076 -61.873825 116.181305 59.80304 -78.95564 144.89386 71.43385 -74.57808 10 215 101
138.54193 161.11292 -61.873825 144.89386 133.23613 -74.57808 116.181305 144.86694 -78.95564 10 217 100
138.54193 161.11292 -61.873825 128.64847 183.23616 -42.086426 153.63687 171.71252 -40.085403 10 210 108
144.89386 71.43385 -74.57808 162.08102 58.946785 -56.974144 138.54193 43.557076 -61.873825 10 219 107
144.89386 71.43385 -74.57808 169.44328 86.08931 -61.87372 162.08102 58.946785 -56.974144 10 210 105
144.89386 133.23613 -74.57808 162.08102 145.7232 -56.974144 169.44328 118.58067 -61.87372 10 205 106
144.89386 133.23613 -74.57808 138.54193 161.11292 -61.873825 162.08102 145.7232 -56.974144 10 204 101
147.08258 102.33499 -78.95556 169.44328 118.58067 -61.87372 169.44328 86.08931 -61.87372 10 212 108
147.08258 102.33499 -78.95556 124.46915 86.273094 -85.70658 124.46915 118.39689 -85.70658 10 219 109
147.08264 49.762276 82.84849 118.60713 52.33546 95.55278 125.17192 32.130775 77.94886 10 215 109
147.08264 49.762276 82.84849 171.18051 52.3353 63.06096 166.18103 76.048615 82.848274 10 219 108
147.08264 154.90771 82.84849 138.54163 128.62129 99.93026 166.18103 128.62137 82.848274 10 212 106
147.08264 154.90771 82.84849 152.49889 172.53934 61.060074 125.17192 172.53922 77.94886 10 209 103
147.08316 17.270142 -17.152342 133.2633 7.229347 10.487345 116.181435 7.229477 -17.15236 10 203 106
147.08316 17.270142 -17.152342 153.63687 32.957466 -40.085403 170.52571 32.957108 -12.758312 10 200 107
147.08316 187.39984 -17.152342 161.14014 183.23666 10.487345 170.52571 171.71288 -12.758312 10 213 105
147.08316 187.39984 -17.152342 128.64847 183.23616 -42.086426 116.181435 197.4405 -17.15236 10 202 108
147.28006 16.068153 33.73301 130.00008 17.270988 55.208847 116.72771 6.1411514 33.732994 10 211 105
147.28006 188.60184 33.73301 133.2633 197.44064 10.487345 116.72771 198.52884 33.732994 10 206 105
147.28006 16.068153 33.73301 152.49889 32.130653 61.060074 130.00008 17.270988 55.208847 10 208 101
147.28006 188.60184 33.73301 130.00008 187.39899 55.208847 152.49889 172.53934 61.060074 10 202 105
152.49889 32.130653 61.060074 147.28006 16.068153 33.73301 169.44362 33.516006 38.126957 10 204 103
152.49889 172.53934 61.060074 169.44362 171.15398 38.126957 147.28006 188.60184 33.73301 10 217 109
152.49889 32.130653 61.060074 125.17192 32.130775 77.94886 130.00008 17.270988 55.208847 10 215 104
152.49889 172.53934 61.060074 147.08264 154.90771 82.84849 171.18051 152.33469 63.06096 10 213 109
153.63687 32.957466 -40.085403 138.54193 43.557076 -61.873825 162.08102 58.946785 -56.974144 10 212 102
153.63687 171.71252 -40.085403 162.08102 145.7232 -56.974144 138.54193 161.11292 -61.873825 10 205 105
153.63687 32.957466 -40.085403 147.08316 17.270142 -17.152342 128.64847 21.433823 -42.086426 10 210 106
153.63687 171.71252 -40.085403 170.52571 171.71288 -12.758312 174.72159 154.90698 -34.234154 10 217 107
154.93457 102.33499 95.552505 129.68816 102.33499 106.6812 138.54163 76.04869 99.93026 10 212 104
154.93457 102.33499 95.552505 166.18103 128.62137 82.848274 138.54163 128.62129 99.93026 10 202 101
161.14014 21.43332 10.487345 147.28006 16.068153 33.73301 133.2633 7.229347 10.487345 10 207 107
161.14014 183.23666 10.487345 147.08316 187.39984 -17.152342 133.2633 197.44064 10.487345 10 213 104
161.14014 21.43332 10.487345 169.44362 33.516006 38.126957 147.28006 16.068153 33.73301 10 212 105
161.14014 183.23666 10.487345 147.28006 188.60184 33.73301 169.44362 171.15398 38.126957 10 208 107
162.08102 58.946785 -56.974144 174.72159 49.762993 -34.234154 153.63687 32.957466 -40.085403 10 210 105
162.08102 58.946785 -56.974144 184.18878 75.008804 -40.085274 174.72159 49.762993 -34.234154 10 204 103
162.08102 145.7232 -56.974144 174.72159 154.90698 -34.234154 184.18878 129.66118 -40.085274 10 205 100
162.08102 145.7232 -56.974144 153.63687 171.71252 -40.085403 174.72159 154.90698 -34.234154 10 202 109
166.18103 76.048615 82.848274 138.54163 76.04869 99.93026 147.08264 49.762276 82.84849 10 211 104
166.18103 76.048615 82.848274 184.62334 76.34595 61.05979 176.17897 102.33499 77.948395 10 211 102
166.18103 128.62137 82.848274 154.93457 102.33499 95.552505 176.17897 102.33499 77.948395 10 205 100
166.18103 128.62137 82.848274 171.18051 152.33469 63.06096 147.08264 154.90771 82.84849 10 213 102
169.44328 86.08931 -61.87372 187.42636 102.33499 -42.08625 184.18878 75.008804 -40.085274 10 213 108
169.44328 86.08931 -61.87372 144.89386 71.43385 -74.57808 147.08258 102.33499 -78.95556 10 213 106
169.44328 118.58067 -61.87372 147.08258 102.33499 -78.95556 144.89386 133.23613 -74.57808 10 202 106
169.44328 118.58067 -61.87372 184.18878 129.66118 -40.085274 187.42636 102.33499 -42.08625 10 207 100
169.44362 33.516006 38.126957 161.14014 21.43332 10.487345 183.26343 43.55667 10.487345 10 216 107
169.44362 33.516006 38.126957 171.18051 52.3353 63.06096 152.49889 32.130653 61.060074 10 204 107
169.44362 171.15398 38.126957 152.49889 172.53934 61.060074 171.18051 152.33469 63.06096 10 203 103
169.44362 171.15398 38.126957 183.26343 161.11331 10.487345 161.14014 183.23666 10.487345 10 212 100
170.52571 32.957108 -12.758312 161.14014 21.43332 10.487345 147.08316 17.270142 -17.152342 10 211 102
170.52571 171.71288 -12.758312 153.63687 171.71252 -40.085403 147.08316 187.39984 -17.152342 10 207 102
170.52571 32.957108 -12.758312 183.26343 43.55667 10.487345 161.14014 21.43332 10.487345 10 207 108
170.52571 171.71288 -12.758312 161.14014 183.23666 10.487345 183.26343 161.11331 10.487345 10 202 108
171.18051 52.3353 63.06096 169.44362 33.516006 38.126957 188.54199 59.802795 38.12696 10 201 102
171.18051 152.33469 63.06096 188.54199 144.86719 38.12696 169.44362 171.15398 38.126957 10 209 102
171.18051 52.3353 63.06096 147.08264 49.762276 82.84849 152.49889 32.130653 61.060074 10 215 109
171.18051 152.33469 63.06096 166.18103 128.62137 82.848274 184.62334 128.32404 61.05979 10 209 102
174.72159 154.90698 -34.234154 189.40808 145.7233 -12.758301 184.18878 129.66118 -40.085274 10 203 104
174.72159 49.762993 -34.234154 170.52571 32.957108 -12.758312 153.63687 32.957466 -40.085403 10 213 106
174.72159 49.762993 -34.234154 189.40808 58.946686 -12.758301 170.52571 32.957108 -12.758312 10 200 101
174.72159 154.90698 -34.234154 170.52571 171.71288 -12.758312 189.40808 145.7233 -12.758301 10 213 104
176.17897 102.33499 77.948395 154.93457 102.33499 95.552505 166.18103 76.048615 82.848274 10 211 102
176.17897 102.33499 77.948395 184.62334 128.32404 61.05979 166.18103 128.62137 82.848274 10 211 100
183.26343 43.55667 10.487345 188.54199 59.802795 38.12696 169.44362 33.516006 38.126957 10 217 109
183.26343 43.55667 10.487345 170.52571 32.957108 -12.758312 189.40808 58.946686 -12.758301 10 211 109
183.26343 161.11331 10.487345 169.44362 171.15398 38.126957 188.54199 144.86719 38.12696 10 201 101
183.26343 161.11331 10.487345 189.40808 145.7233 -12.758301 170.52571 171.71288 -12.758312 10 210 103
184.18878 75.008804 -40.085274 162.08102 58.946785 -56.974144 169.44328 86.08931 -61.87372 10 200 106
184.18878 129.66118 -40.085274 169.44328 118.58067 -61.87372 162.08102 145.7232 -56.974144 10 201 101
184.18878 75.008804 -40.085274 189.40808 58.946686 -12.758301 174.72159 49.762993 -34.234154 10 202 101
184.18878 129.66118 -40.085274 197.0829 118.58076 -17.15224 187.42636 102.33499 -42.08625 10 213 107
184.62334 76.34595 61.05979 188.54199 59.802795 38.12696 198.28687 86.273 33.732872 10 211 108
184.62334 128.32404 61.05979 198.28687 118.39698 33.732872 188.54199 144.86719 38.12696 10 219 102
184.62334 76.34595 61.05979 166.18103 76.048615 82.848274 171.18051 52.3353 63.06096 10 202 104
184.62334 128.32404 61.05979 176.17897 102.33499 77.948395 191.80408 102.33499 55.208847 10 218 102
187.42636 102.33499 -42.08625 169.44328 86.08931 -61.87372 169.44328 118.58067 -61.87372 10 210 101
187.42636 102.33499 -42.08625 197.0829 86.089226 -17.15224 184.18878 75.008804 -40.085274 10 218 107
188.54199 59.802795 38.12696 184.62334 76.34595 61.05979 171.18051 52.3353 63.06096 10 214 108
188.54199 59.802795 38.12696 183.26343 43.55667 10.487345 197.46738 71.43373 10.487345 10 205 106
188.54199 144.86719 38.12696 197.46738 133.23625 10.487345 183.26343 161.11331 10.487345 10 206 106
188.54199 144.86719 38.12696 171.18051 152.33469 63.06096 184.62334 128.32404 61.05979 10 201 107
189.40808 58.946686 -12.758301 184.18878 75.008804 -40.085274 197.0829 86.089226 -17.15224 10 213 107
189.40808 145.7233 -12.758301 197.46738 133.23625 10.487345 197.0829 118.58076 -17.15224 10 204 108
189.40808 58.946686 -12.758301 197.46738 71.43373 10.487345 183.26343 43.55667 10.487345 10 205 107
189.40808 145.7233 -12.758301 183.26343 161.11331 10.487345 197.46738 133.23625 10.487345 10 213 100
191.80408 102.33499 55.208847 176.17897 102.33499 77.948395 184.62334 76.34595 61.05979 10 213 107
197.0829 86.089226 -17.15224 197.46738 71.43373 10.487345 189.40808 58.946686 -12.758301 10 212 105
197.0829 86.089226 -17.15224 187.42636 102.33499 -42.08625 197.0829 118.58076 -17.15224 10 210 104
197.0829 118.58076 -17.15224 202.36157 102.33499 10.487345 197.0829 86.089226 -17.15224 10 204 105
197.0829 118.58076 -17.15224 184.18878 129.66118 -40.085274 189.40808 145.7233 -12.758301 10 205 103
197.46738 71.43373 10.487345 197.0829 86.089226 -17.15224 202.36157 102.33499 10.487345 10 211 100
197.46738 133.23625 10.487345 198.28687 118.39698 33.732872 202.36157 102.33499 10.487345 10 219 108
197.46738 71.43373 10.487345 198.28687 86.273 33.732872 188.54199 59.802795 38.12696 10 210 104
197.46738 133.23625 10.487345 188.54199 144.86719 38.12696 198.28687 118.39698 33.732872 10 204 105
198.28687 118.39698 33.732872 191.80408 102.33499 55.208847 198.28687 86.273 33.732872 10 219 108
198.28687 86.273 33.732872 202.36157 102.33499 10.487345 198.28687 118.39698 33.732872 10 205 102
198.28687 86.273 33.732872 191.80408 102.33499 55.208847 184.62334 76.34595 61.05979 10 213 106
198.28687 118.39698 33.732872 184.62334 128.32404 61.05979 191.80408 102.33499 55.208847 10 201 107
202.36157 102.33499 10.487345 197.0829 118.58076 -17.15224 197.46738 133.23625 10.487345 10 211 107
202.36157 102.33499 10.487345 198.28687 86.273 33.732872 197.46738 71.43373 10.487345 10 201 104
