0.39056706 -0.13019001 -0.9113221
164.14781 62.84521 -139.41763 173.00037 71.696945 -131.80899 175.95122 63.497803 -129.879 207 107 10
85.95021 63.497803 -129.879 88.90106 71.696945 -131.80899 97.75362 62.84521 -139.41763 213 105 10
164.14781 75.18652 -136.15486 173.00037 71.696945 -131.80899 164.14781 62.84521 -139.41763 213 102 10
97.75362 62.84521 -139.41763 88.90106 71.696945 -131.80899 97.75362 75.18652 -136.15486 208 102 10
164.14781 62.84521 -139.41763 156.03296 71.23081 -138.6223 164.14781 75.18652 -136.15486 206 108 10
97.75362 75.18652 -136.15486 105.86846 71.23081 -138.6223 97.75362 62.84521 -139.41763 214 103 10
164.14781 62.84521 -139.41763 152.34439 62.93844 -138.05498 156.03296 71.23081 -138.6223 202 100 10
105.86846 71.23081 -138.6223 109.55703 62.93844 -138.05498 97.75362 62.84521 -139.41763 204 109 10
164.14781 62.84521 -139.41763 156.03296 53.892212 -137.43607 152.34439 62.93844 -138.05498 206 105 10
109.55703 62.93844 -138.05498 105.86846 53.892212 -137.43607 97.75362 62.84521 -139.41763 219 105 10
164.14781 62.84521 -139.41763 164.14781 50.30941 -134.45287 156.03296 53.892212 -137.43607 202 109 10
105.86846 53.892212 -137.43607 97.75362 50.30941 -134.45287 97.75362 62.84521 -139.41763 206 107 10
164.14781 62.84521 -139.41763 173.00037 54.358353 -130.62276 164.14781 50.30941 -134.45287 209 103 10
97.75362 50.30941 -134.45287 88.90106 54.358353 -130.62276 97.75362 62.84521 -139.41763 218 109 10
164.14781 62.84521 -139.41763 175.95122 63.497803 -129.879 173.00037 54.358353 -130.62276 212 109 10
88.90106 54.358353 -130.62276 85.95021 63.497803 -129.879 97.75362 62.84521 -139.41763 213 109 10
139.80328 160.5422 -117.35181 135.37698 170.71518 -112.57164 139.80328 166.85269 -113.67642 213 103 10
122.09815 166.85269 -113.67642 126.52444 170.71518 -112.57164 122.09815 160.5422 -117.35181 211 103 10
130.95071 49.71792 -98.817345 141.2787 44.34773 -99.818985 130.95071 34.259937 -92.283615 211 109 10
130.95071 34.259937 -92.283615 120.62273 44.34773 -99.818985 130.95071 49.71792 -98.817345 210 109 10
151.60669 118.10791 -73.37742 150.86897 131.83157 -27.768957 169.3118 110.91017 -23.599522 216 102 10
92.58963 110.91017 -23.599522 111.032455 131.83157 -27.768957 110.29475 118.10791 -73.37742 206 109 10
172.26265 99.54932 -78.95292 150.13126 106.71493 -84.91932 150.86897 112.36481 -79.8297 205 105 10
111.032455 112.36481 -79.8297 111.77017 106.71493 -84.91932 89.63877 99.54932 -78.95292 217 106 10
162.67238 98.74414 119.61304 176.68893 100.36114 98.9668 163.4101 116.85265 96.469475 200 108 10
98.49133 116.85265 96.469475 85.212494 100.36114 98.9668 99.22904 98.74414 119.61304 202 101 10
199.55804 96.93581 15.689679 198.82033 100.40932 33.24956 198.82033 94.56496 36.38749 217 104 10
63.0811 94.56496 36.38749 63.0811 100.40932 33.24956 62.343384 96.93581 15.689679 217 103 10
229.06657 69.37604 77.81298 233.49286 74.37332 73.36397 243.08313 68.70738 90.18009 215 108 10
18.818298 68.70738 90.18009 28.40857 74.37332 73.36397 32.834854 69.37604 77.81298 206 103 10
248.98483 57.39157 101.9066 260.05054 73.416954 92.59596 254.88654 97.15927 96.44778 214 100 10
7.0148926 97.15927 96.44778 1.8509064 73.416954 92.59596 12.916595 57.39157 101.9066 207 103 10
56.44168 112.07395 59.832325 70.45824 101.978134 78.320564 74.88451 110.116165 31.21642 206 109 10
56.44168 112.07395 59.832325 74.88451 110.116165 31.21642 57.9171 111.15773 24.299957 214 109 10
187.01692 110.116165 31.21642 191.44319 101.978134 78.320564 205.45975 112.07395 59.832325 218 102 10
187.01692 110.116165 31.21642 205.45975 112.07395 59.832325 203.98433 111.15773 24.299957 216 107 10
56.44168 112.07395 59.832325 49.80226 63.726166 72.723366 57.9171 75.68654 81.488365 209 101 10
56.44168 112.07395 59.832325 57.9171 75.68654 81.488365 70.45824 101.978134 78.320564 213 107 10
203.98433 75.68654 81.488365 212.09917 63.726166 72.723366 205.45975 112.07395 59.832325 213 105 10
203.98433 75.68654 81.488365 205.45975 112.07395 59.832325 191.44319 101.978134 78.320564 207 107 10
46.85141 59.693283 46.987507 53.49083 66.858894 41.021103 49.80226 63.726166 72.723366 208 105 10
53.49083 66.858894 41.021103 57.9171 75.68654 81.488365 49.80226 63.726166 72.723366 218 103 10
203.98433 75.68654 81.488365 208.4106 66.858894 41.021103 212.09917 63.726166 72.723366 219 108 10
208.4106 66.858894 41.021103 215.05002 59.693283 46.987507 212.09917 63.726166 72.723366 213 107 10
7.0148926 97.15927 96.44778 12.916595 57.39157 101.9066 34.310287 59.66116 90.798996 212 100 10
7.0148926 97.15927 96.44778 34.310287 59.66116 90.798996 32.834854 110.26247 88.70611 202 103 10
227.59114 59.66116 90.798996 248.98483 57.39157 101.9066 254.88654 97.15927 96.44778 200 105 10
227.59114 59.66116 90.798996 254.88654 97.15927 96.44778 229.06657 110.26247 88.70611 214 103 10
56.44168 112.07395 59.832325 32.834854 110.26247 88.70611 49.80226 63.726166 72.723366 208 104 10
32.834854 110.26247 88.70611 34.310287 59.66116 90.798996 49.80226 63.726166 72.723366 206 103 10
227.59114 59.66116 90.798996 229.06657 110.26247 88.70611 212.09917 63.726166 72.723366 213 101 10
229.06657 110.26247 88.70611 205.45975 112.07395 59.832325 212.09917 63.726166 72.723366 202 101 10
34.310287 59.66116 90.798996 34.310287 53.84089 61.07831 49.80226 63.726166 72.723366 206 107 10
34.310287 53.84089 61.07831 46.85141 59.693283 46.987507 49.80226 63.726166 72.723366 218 100 10
215.05002 59.693283 46.987507 227.59114 53.84089 61.07831 212.09917 63.726166 72.723366 206 103 10
227.59114 53.84089 61.07831 227.59114 59.66116 90.798996 212.09917 63.726166 72.723366 215 107 10
12.916595 57.39157 101.9066 14.392029 52.13067 80.36188 34.310287 59.66116 90.798996 216 106 10
14.392029 52.13067 80.36188 34.310287 53.84089 61.07831 34.310287 59.66116 90.798996 201 107 10
227.59114 53.84089 61.07831 247.5094 52.13067 80.36188 227.59114 59.66116 90.798996 209 107 10
247.5094 52.13067 80.36188 248.98483 57.39157 101.9066 227.59114 59.66116 90.798996 210 100 10
1.8509064 73.416954 92.59596 3.3263245 70.22312 79.12407 12.916595 57.39157 101.9066 215 106 10
3.3263245 70.22312 79.12407 14.392029 52.13067 80.36188 12.916595 57.39157 101.9066 208 108 10
247.5094 52.13067 80.36188 258.5751 70.22312 79.12407 248.98483 57.39157 101.9066 203 101 10
258.5751 70.22312 79.12407 260.05054 73.416954 92.59596 248.98483 57.39157 101.9066 203 106 10
7.0148926 97.15927 96.44778 9.965744 95.94731 78.73317 1.8509064 73.416954 92.59596 212 104 10
9.965744 95.94731 78.73317 3.3263245 70.22312 79.12407 1.8509064 73.416954 92.59596 219 103 10
258.5751 70.22312 79.12407 251.93568 95.94731 78.73317 260.05054 73.416954 92.59596 213 100 10
251.93568 95.94731 78.73317 254.88654 97.15927 96.44778 260.05054 73.416954 92.59596 209 109 10
32.834854 110.26247 88.70611 32.834854 109.81239 59.987053 9.965744 95.94731 78.73317 217 103 10
32.834854 110.26247 88.70611 9.965744 95.94731 78.73317 7.0148926 97.15927 96.44778 219 101 10
251.93568 95.94731 78.73317 229.06657 109.81239 59.987053 229.06657 110.26247 88.70611 214 107 10
251.93568 95.94731 78.73317 229.06657 110.26247 88.70611 254.88654 97.15927 96.44778 218 105 10
56.44168 112.07395 59.832325 57.9171 111.15773 24.299957 32.834854 109.81239 59.987053 208 109 10
56.44168 112.07395 59.832325 32.834854 109.81239 59.987053 32.834854 110.26247 88.70611 207 108 10
229.06657 109.81239 59.987053 203.98433 111.15773 24.299957 205.45975 112.07395 59.832325 214 108 10
229.06657 109.81239 59.987053 205.45975 112.07395 59.832325 229.06657 110.26247 88.70611 219 104 10
26.195435 80.40414 72.95136 28.40857 74.37332 73.36397 18.818298 68.70738 90.18009 211 104 10
26.195435 80.40414 72.95136 18.818298 68.70738 90.18009 12.178879 78.600685 90.87228 205 107 10
243.08313 68.70738 90.18009 233.49286 74.37332 73.36397 235.706 80.40414 72.95136 212 104 10
243.08313 68.70738 90.18009 235.706 80.40414 72.95136 249.72253 78.600685 90.87228 206 102 10
31.359436 82.572464 71.433975 26.195435 80.40414 72.95136 16.605164 93.5845 88.4781 219 103 10
26.195435 80.40414 72.95136 12.178879 78.600685 90.87228 16.605164 93.5845 88.4781 211 106 10
249.72253 78.600685 90.87228 235.706 80.40414 72.95136 245.29626 93.5845 88.4781 208 100 10
235.706 80.40414 72.95136 230.54199 82.572464 71.433975 245.29626 93.5845 88.4781 212 102 10
36.523422 88.416824 68.29605 31.359436 82.572464 71.433975 32.097137 101.13105 77.009476 208 105 10
31.359436 82.572464 71.433975 16.605164 93.5845 88.4781 32.097137 101.13105 77.009476 209 101 10
245.29626 93.5845 88.4781 230.54199 82.572464 71.433975 229.80429 101.13105 77.009476 206 103 10
230.54199 82.572464 71.433975 225.378 88.416824 68.29605 229.80429 101.13105 77.009476 214 107 10
42.425125 94.07473 62.432796 36.523422 88.416824 68.29605 32.097137 101.13105 77.009476 206 100 10
42.425125 94.07473 62.432796 32.097137 101.13105 77.009476 47.589127 100.7742 49.653084 212 100 10
229.80429 101.13105 77.009476 225.378 88.416824 68.29605 219.4763 94.07473 62.432796 218 106 10
229.80429 101.13105 77.009476 219.4763 94.07473 62.432796 214.3123 100.7742 49.653084 210 105 10
42.425125 94.07473 62.432796 47.589127 100.7742 49.653084 50.539978 98.411385 59.39802 201 108 10
47.589127 100.7742 49.653084 54.228546 101.426796 59.19172 50.539978 98.411385 59.39802 204 107 10
207.67288 101.426796 59.19172 214.3123 100.7742 49.653084 211.36145 98.411385 59.39802 206 105 10
214.3123 100.7742 49.653084 219.4763 94.07473 62.432796 211.36145 98.411385 59.39802 219 103 10
51.27768 83.33435 60.429527 46.85141 89.45839 61.37959 52.753113 92.38057 59.810623 218 105 10
51.27768 83.33435 60.429527 52.753113 92.38057 59.810623 58.654816 90.87286 59.913773 218 103 10
209.14832 92.38057 59.810623 215.05002 89.45839 61.37959 210.62375 83.33435 60.429527 211 105 10
209.14832 92.38057 59.810623 210.62375 83.33435 60.429527 203.24661 90.87286 59.913773 212 100 10
46.85141 89.45839 61.37959 51.27768 83.33435 60.429527 40.21199 83.70726 65.88018 202 100 10
51.27768 83.33435 60.429527 46.85141 77.30353 60.842133 40.21199 83.70726 65.88018 203 104 10
215.05002 77.30353 60.842133 210.62375 83.33435 60.429527 221.68944 83.70726 65.88018 209 108 10
210.62375 83.33435 60.429527 215.05002 89.45839 61.37959 221.68944 83.70726 65.88018 203 107 10
35.04799 77.95612 70.38077 40.21199 83.70726 65.88018 40.949707 72.30625 65.291145 218 108 10
40.21199 83.70726 65.88018 46.85141 77.30353 60.842133 40.949707 72.30625 65.291145 216 108 10
215.05002 77.30353 60.842133 221.68944 83.70726 65.88018 220.95172 72.30625 65.291145 209 103 10
221.68944 83.70726 65.88018 226.85344 77.95612 70.38077 220.95172 72.30625 65.291145 207 105 10
35.04799 77.95612 70.38077 40.949707 72.30625 65.291145 32.834854 69.37604 77.81298 204 106 10
35.04799 77.95612 70.38077 32.834854 69.37604 77.81298 28.40857 74.37332 73.36397 204 105 10
229.06657 69.37604 77.81298 220.95172 72.30625 65.291145 226.85344 77.95612 70.38077 204 102 10
229.06657 69.37604 77.81298 226.85344 77.95612 70.38077 233.49286 74.37332 73.36397 216 101 10
26.195435 80.40414 72.95136 31.359436 82.572464 71.433975 28.40857 74.37332 73.36397 215 107 10
31.359436 82.572464 71.433975 35.04799 77.95612 70.38077 28.40857 74.37332 73.36397 209 103 10
226.85344 77.95612 70.38077 230.54199 82.572464 71.433975 233.49286 74.37332 73.36397 206 101 10
230.54199 82.572464 71.433975 235.706 80.40414 72.95136 233.49286 74.37332 73.36397 207 104 10
31.359436 82.572464 71.433975 36.523422 88.416824 68.29605 40.21199 83.70726 65.88018 204 105 10
31.359436 82.572464 71.433975 40.21199 83.70726 65.88018 35.04799 77.95612 70.38077 218 106 10
221.68944 83.70726 65.88018 225.378 88.416824 68.29605 230.54199 82.572464 71.433975 208 101 10
221.68944 83.70726 65.88018 230.54199 82.572464 71.433975 226.85344 77.95612 70.38077 209 103 10
36.523422 88.416824 68.29605 42.425125 94.07473 62.432796 40.21199 83.70726 65.88018 218 103 10
42.425125 94.07473 62.432796 46.85141 89.45839 61.37959 40.21199 83.70726 65.88018 205 103 10
215.05002 89.45839 61.37959 219.4763 94.07473 62.432796 221.68944 83.70726 65.88018 213 106 10
219.4763 94.07473 62.432796 225.378 88.416824 68.29605 221.68944 83.70726 65.88018 218 109 10
42.425125 94.07473 62.432796 50.539978 98.411385 59.39802 46.85141 89.45839 61.37959 206 101 10
50.539978 98.411385 59.39802 52.753113 92.38057 59.810623 46.85141 89.45839 61.37959 208 105 10
209.14832 92.38057 59.810623 211.36145 98.411385 59.39802 215.05002 89.45839 61.37959 207 102 10
211.36145 98.411385 59.39802 219.4763 94.07473 62.432796 215.05002 89.45839 61.37959 212 101 10
32.097137 101.13105 77.009476 32.834854 100.478455 67.47084 47.589127 100.7742 49.653084 200 101 10
32.834854 100.478455 67.47084 47.589127 100.87546 40.062874 47.589127 100.7742 49.653084 210 103 10
214.3123 100.87546 40.062874 229.06657 100.478455 67.47084 214.3123 100.7742 49.653084 204 108 10
229.06657 100.478455 67.47084 229.80429 101.13105 77.009476 214.3123 100.7742 49.653084 215 104 10
16.605164 93.5845 88.4781 18.818298 92.36451 81.71637 32.097137 101.13105 77.009476 208 106 10
18.818298 92.36451 81.71637 32.834854 100.478455 67.47084 32.097137 101.13105 77.009476 202 108 10
229.06657 100.478455 67.47084 243.08313 92.36451 81.71637 229.80429 101.13105 77.009476 216 106 10
243.08313 92.36451 81.71637 245.29626 93.5845 88.4781 229.80429 101.13105 77.009476 205 107 10
12.178879 78.600685 90.87228 14.392029 77.28747 82.74788 16.605164 93.5845 88.4781 218 105 10
14.392029 77.28747 82.74788 18.818298 92.36451 81.71637 16.605164 93.5845 88.4781 202 106 10
243.08313 92.36451 81.71637 247.5094 77.28747 82.74788 245.29626 93.5845 88.4781 204 100 10
247.5094 77.28747 82.74788 249.72253 78.600685 90.87228 245.29626 93.5845 88.4781 210 105 10
18.818298 68.70738 90.18009 20.293732 66.64031 82.10727 14.392029 77.28747 82.74788 204 109 10
18.818298 68.70738 90.18009 14.392029 77.28747 82.74788 12.178879 78.600685 90.87228 200 105 10
247.5094 77.28747 82.74788 241.6077 66.64031 82.10727 243.08313 68.70738 90.18009 204 106 10
247.5094 77.28747 82.74788 243.08313 68.70738 90.18009 249.72253 78.600685 90.87228 214 102 10
32.834854 69.37604 77.81298 34.310287 67.215744 68.3775 20.293732 66.64031 82.10727 215 102 10
32.834854 69.37604 77.81298 20.293732 66.64031 82.10727 18.818298 68.70738 90.18009 211 100 10
241.6077 66.64031 82.10727 227.59114 67.215744 68.3775 229.06657 69.37604 77.81298 202 103 10
241.6077 66.64031 82.10727 229.06657 69.37604 77.81298 243.08313 68.70738 90.18009 209 105 10
40.949707 72.30625 65.291145 41.68741 70.14595 55.855663 34.310287 67.215744 68.3775 201 106 10
40.949707 72.30625 65.291145 34.310287 67.215744 68.3775 32.834854 69.37604 77.81298 208 108 10
227.59114 67.215744 68.3775 220.21402 70.14595 55.855663 220.95172 72.30625 65.291145 204 107 10
227.59114 67.215744 68.3775 220.95172 72.30625 65.291145 229.06657 69.37604 77.81298 212 101 10
47.589127 100.7742 49.653084 47.589127 100.87546 40.062874 54.228546 100.86743 51.015747 205 107 10
47.589127 100.7742 49.653084 54.228546 100.86743 51.015747 54.228546 101.426796 59.19172 215 104 10
207.67288 100.86743 51.015747 214.3123 100.87546 40.062874 214.3123 100.7742 49.653084 216 102 10
207.67288 100.86743 51.015747 214.3123 100.7742 49.653084 207.67288 101.426796 59.19172 200 100 10
54.228546 101.426796 59.19172 54.228546 100.86743 51.015747 51.27768 97.85202 51.222046 204 100 10
54.228546 101.426796 59.19172 51.27768 97.85202 51.222046 50.539978 98.411385 59.39802 212 104 10
210.62375 97.85202 51.222046 207.67288 100.86743 51.015747 207.67288 101.426796 59.19172 214 103 10
210.62375 97.85202 51.222046 207.67288 101.426796 59.19172 211.36145 98.411385 59.39802 213 105 10
50.539978 98.411385 59.39802 51.27768 97.85202 51.222046 52.753113 92.38057 59.810623 212 102 10
51.27768 97.85202 51.222046 53.49083 91.06735 51.686226 52.753113 92.38057 59.810623 210 107 10
208.4106 91.06735 51.686226 210.62375 97.85202 51.222046 209.14832 92.38057 59.810623 212 100 10
210.62375 97.85202 51.222046 211.36145 98.411385 59.39802 209.14832 92.38057 59.810623 206 107 10
52.753113 92.38057 59.810623 53.49083 91.06735 51.686226 58.654816 90.87286 59.913773 212 107 10
53.49083 91.06735 51.686226 59.392532 90.3135 51.7378 58.654816 90.87286 59.913773 211 108 10
202.5089 90.3135 51.7378 208.4106 91.06735 51.686226 203.24661 90.87286 59.913773 209 101 10
208.4106 91.06735 51.686226 209.14832 92.38057 59.810623 203.24661 90.87286 59.913773 219 107 10
58.654816 90.87286 59.913773 59.392532 90.3135 51.7378 52.015396 82.77498 52.253555 218 107 10
58.654816 90.87286 59.913773 52.015396 82.77498 52.253555 51.27768 83.33435 60.429527 204 107 10
209.88603 82.77498 52.253555 202.5089 90.3135 51.7378 203.24661 90.87286 59.913773 219 102 10
209.88603 82.77498 52.253555 203.24661 90.87286 59.913773 210.62375 83.33435 60.429527 215 101 10
51.27768 83.33435 60.429527 52.015396 82.77498 52.253555 46.85141 77.30353 60.842133 205 103 10
52.015396 82.77498 52.253555 46.85141 75.89709 51.355072 46.85141 77.30353 60.842133 212 109 10
215.05002 75.89709 51.355072 209.88603 82.77498 52.253555 215.05002 77.30353 60.842133 214 102 10
209.88603 82.77498 52.253555 210.62375 83.33435 60.429527 215.05002 77.30353 60.842133 209 103 10
46.85141 77.30353 60.842133 46.85141 75.89709 51.355072 41.68741 70.14595 55.855663 211 100 10
46.85141 77.30353 60.842133 41.68741 70.14595 55.855663 40.949707 72.30625 65.291145 202 101 10
220.21402 70.14595 55.855663 215.05002 75.89709 51.355072 215.05002 77.30353 60.842133 201 104 10
220.21402 70.14595 55.855663 215.05002 77.30353 60.842133 220.95172 72.30625 65.291145 217 106 10
63.0811 94.56496 36.38749 62.343384 96.93581 15.689679 55.703964 79.01375 41.55856 203 104 10
62.343384 96.93581 15.689679 49.80226 65.74819 13.716285 55.703964 79.01375 41.55856 209 106 10
212.09917 65.74819 13.716285 199.55804 96.93581 15.689679 206.19746 79.01375 41.55856 212 104 10
199.55804 96.93581 15.689679 198.82033 94.56496 36.38749 206.19746 79.01375 41.55856 207 105 10
51.27768 70.72138 42.12589 55.703964 79.01375 41.55856 53.49083 66.858894 41.021103 203 105 10
55.703964 79.01375 41.55856 49.80226 65.74819 13.716285 53.49083 66.858894 41.021103 206 101 10
212.09917 65.74819 13.716285 206.19746 79.01375 41.55856 208.4106 66.858894 41.021103 216 100 10
206.19746 79.01375 41.55856 210.62375 70.72138 42.12589 208.4106 66.858894 41.021103 206 100 10
46.85141 75.89709 51.355072 51.27768 70.72138 42.12589 41.68741 70.14595 55.855663 209 109 10
51.27768 70.72138 42.12589 43.90056 64.02994 43.95273 41.68741 70.14595 55.855663 200 101 10
218.00087 64.02994 43.95273 210.62375 70.72138 42.12589 220.21402 70.14595 55.855663 205 105 10
210.62375 70.72138 42.12589 215.05002 75.89709 51.355072 220.21402 70.14595 55.855663 211 108 10
52.015396 82.77498 52.253555 55.703964 79.01375 41.55856 46.85141 75.89709 51.355072 211 106 10
55.703964 79.01375 41.55856 51.27768 70.72138 42.12589 46.85141 75.89709 51.355072 219 106 10
210.62375 70.72138 42.12589 206.19746 79.01375 41.55856 215.05002 75.89709 51.355072 201 108 10
206.19746 79.01375 41.55856 209.88603 82.77498 52.253555 215.05002 75.89709 51.355072 205 102 10
63.0811 94.56496 36.38749 55.703964 79.01375 41.55856 59.392532 90.3135 51.7378 206 107 10
55.703964 79.01375 41.55856 52.015396 82.77498 52.253555 59.392532 90.3135 51.7378 218 109 10
209.88603 82.77498 52.253555 206.19746 79.01375 41.55856 202.5089 90.3135 51.7378 204 102 10
206.19746 79.01375 41.55856 198.82033 94.56496 36.38749 202.5089 90.3135 51.7378 211 103 10
51.27768 97.85202 51.222046 63.0811 94.56496 36.38749 59.392532 90.3135 51.7378 217 108 10
51.27768 97.85202 51.222046 59.392532 90.3135 51.7378 53.49083 91.06735 51.686226 210 106 10
202.5089 90.3135 51.7378 198.82033 94.56496 36.38749 210.62375 97.85202 51.222046 219 108 10
202.5089 90.3135 51.7378 210.62375 97.85202 51.222046 208.4106 91.06735 51.686226 215 104 10
63.0811 100.40932 33.24956 63.0811 94.56496 36.38749 54.228546 100.86743 51.015747 216 107 10
63.0811 94.56496 36.38749 51.27768 97.85202 51.222046 54.228546 100.86743 51.015747 211 100 10
210.62375 97.85202 51.222046 198.82033 94.56496 36.38749 207.67288 100.86743 51.015747 206 101 10
198.82033 94.56496 36.38749 198.82033 100.40932 33.24956 207.67288 100.86743 51.015747 217 109 10
54.228546 100.86743 51.015747 47.589127 100.87546 40.062874 52.753113 104.46629 26.126799 215 108 10
54.228546 100.86743 51.015747 52.753113 104.46629 26.126799 63.0811 100.40932 33.24956 210 108 10
209.14832 104.46629 26.126799 214.3123 100.87546 40.062874 207.67288 100.86743 51.015747 214 108 10
209.14832 104.46629 26.126799 207.67288 100.86743 51.015747 198.82033 100.40932 33.24956 202 100 10
43.90056 64.02994 43.95273 51.27768 70.72138 42.12589 53.49083 66.858894 41.021103 212 100 10
43.90056 64.02994 43.95273 53.49083 66.858894 41.021103 46.85141 59.693283 46.987507 200 108 10
208.4106 66.858894 41.021103 210.62375 70.72138 42.12589 218.00087 64.02994 43.95273 206 106 10
208.4106 66.858894 41.021103 218.00087 64.02994 43.95273 215.05002 59.693283 46.987507 204 102 10
62.343384 96.93581 15.689679 61.605667 99.78082 -9.147693 50.539978 72.8286 -4.565653 209 107 10
62.343384 96.93581 15.689679 50.539978 72.8286 -4.565653 49.80226 65.74819 13.716285 218 104 10
211.36145 72.8286 -4.565653 200.29576 99.78082 -9.147693 199.55804 96.93581 15.689679 212 106 10
211.36145 72.8286 -4.565653 199.55804 96.93581 15.689679 212.09917 65.74819 13.716285 216 104 10
52.753113 104.46629 26.126799 57.9171 111.15773 24.299957 63.0811 100.40932 33.24956 209 104 10
57.9171 111.15773 24.299957 74.88451 110.116165 31.21642 63.0811 100.40932 33.24956 209 107 10
187.01692 110.116165 31.21642 203.98433 111.15773 24.299957 198.82033 100.40932 33.24956 211 103 10
203.98433 111.15773 24.299957 209.14832 104.46629 26.126799 198.82033 100.40932 33.24956 214 103 10
63.0811 100.40932 33.24956 74.88451 110.116165 31.21642 62.343384 96.93581 15.689679 204 102 10
74.88451 110.116165 31.21642 61.605667 99.78082 -9.147693 62.343384 96.93581 15.689679 205 109 10
200.29576 99.78082 -9.147693 187.01692 110.116165 31.21642 199.55804 96.93581 15.689679 201 103 10
187.01692 110.116165 31.21642 198.82033 100.40932 33.24956 199.55804 96.93581 15.689679 200 106 10
41.68741 70.14595 55.855663 43.90056 64.02994 43.95273 35.04799 59.592022 56.577717 208 100 10
41.68741 70.14595 55.855663 35.04799 59.592022 56.577717 34.310287 67.215744 68.3775 210 107 10
226.85344 59.592022 56.577717 218.00087 64.02994 43.95273 220.21402 70.14595 55.855663 213 107 10
226.85344 59.592022 56.577717 220.21402 70.14595 55.855663 227.59114 67.215744 68.3775 219 101 10
20.293732 66.64031 82.10727 34.310287 67.215744 68.3775 18.818298 58.542427 74.44705 211 108 10
34.310287 67.215744 68.3775 35.04799 59.592022 56.577717 18.818298 58.542427 74.44705 212 101 10
226.85344 59.592022 56.577717 227.59114 67.215744 68.3775 243.08313 58.542427 74.44705 210 104 10
227.59114 67.215744 68.3775 241.6077 66.64031 82.10727 243.08313 58.542427 74.44705 211 109 10
14.392029 77.28747 82.74788 20.293732 66.64031 82.10727 11.441177 73.05207 76.192444 218 100 10
20.293732 66.64031 82.10727 18.818298 58.542427 74.44705 11.441177 73.05207 76.192444 215 104 10
243.08313 58.542427 74.44705 241.6077 66.64031 82.10727 250.46025 73.05207 76.192444 209 104 10
241.6077 66.64031 82.10727 247.5094 77.28747 82.74788 250.46025 73.05207 76.192444 217 106 10
18.818298 92.36451 81.71637 14.392029 77.28747 82.74788 16.605164 93.406075 74.799904 214 101 10
14.392029 77.28747 82.74788 11.441177 73.05207 76.192444 16.605164 93.406075 74.799904 213 108 10
250.46025 73.05207 76.192444 247.5094 77.28747 82.74788 245.29626 93.406075 74.799904 210 107 10
247.5094 77.28747 82.74788 243.08313 92.36451 81.71637 245.29626 93.406075 74.799904 210 109 10
32.834854 100.478455 67.47084 18.818298 92.36451 81.71637 16.605164 93.406075 74.799904 215 100 10
32.834854 100.478455 67.47084 16.605164 93.406075 74.799904 33.57257 103.50189 56.31167 212 104 10
245.29626 93.406075 74.799904 243.08313 92.36451 81.71637 229.06657 100.478455 67.47084 216 105 10
245.29626 93.406075 74.799904 229.06657 100.478455 67.47084 228.32886 103.50189 56.31167 213 104 10
47.589127 100.87546 40.062874 32.834854 100.478455 67.47084 33.57257 103.50189 56.31167 209 102 10
47.589127 100.87546 40.062874 33.57257 103.50189 56.31167 52.753113 104.46629 26.126799 211 109 10
228.32886 103.50189 56.31167 229.06657 100.478455 67.47084 214.3123 100.87546 40.062874 214 101 10
228.32886 103.50189 56.31167 214.3123 100.87546 40.062874 209.14832 104.46629 26.126799 219 106 10
52.753113 104.46629 26.126799 33.57257 103.50189 56.31167 32.834854 109.81239 59.987053 205 107 10
52.753113 104.46629 26.126799 32.834854 109.81239 59.987053 57.9171 111.15773 24.299957 202 107 10
229.06657 109.81239 59.987053 228.32886 103.50189 56.31167 209.14832 104.46629 26.126799 205 100 10
229.06657 109.81239 59.987053 209.14832 104.46629 26.126799 203.98433 111.15773 24.299957 208 109 10
33.57257 103.50189 56.31167 16.605164 93.406075 74.799904 32.834854 109.81239 59.987053 202 100 10
16.605164 93.406075 74.799904 9.965744 95.94731 78.73317 32.834854 109.81239 59.987053 216 106 10
251.93568 95.94731 78.73317 245.29626 93.406075 74.799904 229.06657 109.81239 59.987053 215 103 10
245.29626 93.406075 74.799904 228.32886 103.50189 56.31167 229.06657 109.81239 59.987053 211 105 10
16.605164 93.406075 74.799904 11.441177 73.05207 76.192444 9.965744 95.94731 78.73317 207 102 10
11.441177 73.05207 76.192444 3.3263245 70.22312 79.12407 9.965744 95.94731 78.73317 201 102 10
258.5751 70.22312 79.12407 250.46025 73.05207 76.192444 251.93568 95.94731 78.73317 215 107 10
250.46025 73.05207 76.192444 245.29626 93.406075 74.799904 251.93568 95.94731 78.73317 212 102 10
11.441177 73.05207 76.192444 18.818298 58.542427 74.44705 3.3263245 70.22312 79.12407 200 101 10
18.818298 58.542427 74.44705 14.392029 52.13067 80.36188 3.3263245 70.22312 79.12407 204 107 10
247.5094 52.13067 80.36188 243.08313 58.542427 74.44705 258.5751 70.22312 79.12407 207 102 10
243.08313 58.542427 74.44705 250.46025 73.05207 76.192444 258.5751 70.22312 79.12407 208 106 10
18.818298 58.542427 74.44705 35.04799 59.592022 56.577717 34.310287 53.84089 61.07831 219 105 10
18.818298 58.542427 74.44705 34.310287 53.84089 61.07831 14.392029 52.13067 80.36188 207 102 10
227.59114 53.84089 61.07831 226.85344 59.592022 56.577717 243.08313 58.542427 74.44705 211 107 10
227.59114 53.84089 61.07831 243.08313 58.542427 74.44705 247.5094 52.13067 80.36188 204 107 10
43.90056 64.02994 43.95273 46.85141 59.693283 46.987507 35.04799 59.592022 56.577717 217 100 10
46.85141 59.693283 46.987507 34.310287 53.84089 61.07831 35.04799 59.592022 56.577717 206 106 10
227.59114 53.84089 61.07831 215.05002 59.693283 46.987507 226.85344 59.592022 56.577717 206 109 10
215.05002 59.693283 46.987507 218.00087 64.02994 43.95273 226.85344 59.592022 56.577717 205 107 10
85.212494 100.36114 98.9668 98.49133 116.85265 96.469475 90.37649 117.460205 38.92821 202 103 10
98.49133 116.85265 96.469475 102.91761 129.42058 47.69322 90.37649 117.460205 38.92821 218 109 10
158.98383 129.42058 47.69322 163.4101 116.85265 96.469475 171.52493 117.460205 38.92821 201 105 10
163.4101 116.85265 96.469475 176.68893 100.36114 98.9668 171.52493 117.460205 38.92821 203 100 10
85.212494 100.36114 98.9668 90.37649 117.460205 38.92821 70.45824 101.978134 78.320564 214 103 10
90.37649 117.460205 38.92821 74.88451 110.116165 31.21642 70.45824 101.978134 78.320564 216 100 10
187.01692 110.116165 31.21642 171.52493 117.460205 38.92821 191.44319 101.978134 78.320564 212 102 10
171.52493 117.460205 38.92821 176.68893 100.36114 98.9668 191.44319 101.978134 78.320564 214 105 10
85.212494 100.36114 98.9668 72.67137 71.42705 107.79155 99.22904 98.74414 119.61304 215 100 10
72.67137 71.42705 107.79155 87.42563 62.271534 128.95354 99.22904 98.74414 119.61304 216 103 10
174.4758 62.271534 128.95354 189.23006 71.42705 107.79155 162.67238 98.74414 119.61304 217 100 10
189.23006 71.42705 107.79155 176.68893 100.36114 98.9668 162.67238 98.74414 119.61304 200 107 10
85.212494 100.36114 98.9668 70.45824 101.978134 78.320564 72.67137 71.42705 107.79155 201 103 10
70.45824 101.978134 78.320564 57.9171 75.68654 81.488365 72.67137 71.42705 107.79155 208 104 10
203.98433 75.68654 81.488365 191.44319 101.978134 78.320564 189.23006 71.42705 107.79155 205 106 10
191.44319 101.978134 78.320564 176.68893 100.36114 98.9668 189.23006 71.42705 107.79155 202 103 10
110.29475 118.10791 -73.37742 111.032455 112.36481 -79.8297 89.63877 99.54932 -78.95292 200 100 10
110.29475 118.10791 -73.37742 89.63877 99.54932 -78.95292 92.58963 110.91017 -23.599522 205 100 10
172.26265 99.54932 -78.95292 150.86897 112.36481 -79.8297 151.60669 118.10791 -73.37742 211 104 10
172.26265 99.54932 -78.95292 151.60669 118.10791 -73.37742 169.3118 110.91017 -23.599522 202 102 10
92.58963 110.91017 -23.599522 89.63877 99.54932 -78.95292 74.14679 91.155685 -68.79538 216 109 10
92.58963 110.91017 -23.599522 74.14679 91.155685 -68.79538 61.605667 99.78082 -9.147693 207 104 10
187.75464 91.155685 -68.79538 172.26265 99.54932 -78.95292 169.3118 110.91017 -23.599522 203 100 10
187.75464 91.155685 -68.79538 169.3118 110.91017 -23.599522 200.29576 99.78082 -9.147693 200 109 10
90.37649 117.460205 38.92821 92.58963 110.91017 -23.599522 74.88451 110.116165 31.21642 203 108 10
92.58963 110.91017 -23.599522 61.605667 99.78082 -9.147693 74.88451 110.116165 31.21642 205 100 10
200.29576 99.78082 -9.147693 169.3118 110.91017 -23.599522 187.01692 110.116165 31.21642 217 103 10
169.3118 110.91017 -23.599522 171.52493 117.460205 38.92821 187.01692 110.116165 31.21642 215 109 10
90.37649 117.460205 38.92821 102.91761 129.42058 47.69322 92.58963 110.91017 -23.599522 213 101 10
102.91761 129.42058 47.69322 111.032455 131.83157 -27.768957 92.58963 110.91017 -23.599522 206 109 10
150.86897 131.83157 -27.768957 158.98383 129.42058 47.69322 169.3118 110.91017 -23.599522 216 104 10
158.98383 129.42058 47.69322 171.52493 117.460205 38.92821 169.3118 110.91017 -23.599522 207 108 10
55.703964 37.940865 27.940111 55.703964 48.36944 69.666885 53.49083 66.858894 41.021103 209 106 10
55.703964 48.36944 69.666885 57.9171 75.68654 81.488365 53.49083 66.858894 41.021103 218 100 10
203.98433 75.68654 81.488365 206.19746 48.36944 69.666885 208.4106 66.858894 41.021103 202 100 10
206.19746 48.36944 69.666885 206.19746 37.940865 27.940111 208.4106 66.858894 41.021103 206 109 10
55.703964 37.940865 27.940111 53.49083 66.858894 41.021103 49.80226 65.74819 13.716285 219 106 10
55.703964 37.940865 27.940111 49.80226 65.74819 13.716285 55.703964 40.327766 -14.663445 207 101 10
212.09917 65.74819 13.716285 208.4106 66.858894 41.021103 206.19746 37.940865 27.940111 215 104 10
212.09917 65.74819 13.716285 206.19746 37.940865 27.940111 206.19746 40.327766 -14.663445 201 109 10
55.703964 40.327766 -14.663445 49.80226 65.74819 13.716285 50.539978 72.8286 -4.565653 204 103 10
55.703964 40.327766 -14.663445 50.539978 72.8286 -4.565653 62.343384 52.88766 -52.48683 219 101 10
211.36145 72.8286 -4.565653 212.09917 65.74819 13.716285 206.19746 40.327766 -14.663445 213 107 10
211.36145 72.8286 -4.565653 206.19746 40.327766 -14.663445 199.55804 52.88766 -52.48683 200 103 10
50.539978 72.8286 -4.565653 57.9171 75.79094 -60.898983 62.343384 52.88766 -52.48683 218 103 10
57.9171 75.79094 -60.898983 55.703964 51.39602 -74.28943 62.343384 52.88766 -52.48683 207 107 10
206.19746 51.39602 -74.28943 203.98433 75.79094 -60.898983 199.55804 52.88766 -52.48683 216 107 10
203.98433 75.79094 -60.898983 211.36145 72.8286 -4.565653 199.55804 52.88766 -52.48683 212 102 10
87.42563 40.46115 -68.06515 85.212494 35.954098 -89.661446 120.62273 44.34773 -99.818985 208 105 10
87.42563 40.46115 -68.06515 120.62273 44.34773 -99.818985 130.95071 34.259937 -92.283615 206 105 10
141.2787 44.34773 -99.818985 176.68893 35.954098 -89.661446 174.4758 40.46115 -68.06515 210 106 10
141.2787 44.34773 -99.818985 174.4758 40.46115 -68.06515 130.95071 34.259937 -92.283615 209 105 10
99.22904 22.672474 -95.59797 112.50788 24.65435 -99.84068 85.212494 35.954098 -89.661446 206 108 10
112.50788 24.65435 -99.84068 120.62273 44.34773 -99.818985 85.212494 35.954098 -89.661446 213 101 10
141.2787 44.34773 -99.818985 149.39355 24.65435 -99.84068 176.68893 35.954098 -89.661446 204 107 10
149.39355 24.65435 -99.84068 162.67238 22.672474 -95.59797 176.68893 35.954098 -89.661446 201 104 10
88.163345 11.130058 -31.832426 87.42563 40.46115 -68.06515 130.95071 5.9543495 -41.061607 203 100 10
87.42563 40.46115 -68.06515 130.95071 34.259937 -92.283615 130.95071 5.9543495 -41.061607 211 108 10
130.95071 34.259937 -92.283615 174.4758 40.46115 -68.06515 130.95071 5.9543495 -41.061607 216 106 10
174.4758 40.46115 -68.06515 173.73808 11.130058 -31.832426 130.95071 5.9543495 -41.061607 204 107 10
71.19594 49.017143 -42.638744 66.76967 46.499996 -79.430626 87.42563 40.46115 -68.06515 200 105 10
66.76967 46.499996 -79.430626 85.212494 35.954098 -89.661446 87.42563 40.46115 -68.06515 210 108 10
176.68893 35.954098 -89.661446 195.13176 46.499996 -79.430626 174.4758 40.46115 -68.06515 206 101 10
195.13176 46.499996 -79.430626 190.70549 49.017143 -42.638744 174.4758 40.46115 -68.06515 202 107 10
71.19594 49.017143 -42.638744 87.42563 40.46115 -68.06515 88.163345 11.130058 -31.832426 212 104 10
71.19594 49.017143 -42.638744 88.163345 11.130058 -31.832426 70.45824 27.59748 -1.471128 205 101 10
173.73808 11.130058 -31.832426 174.4758 40.46115 -68.06515 190.70549 49.017143 -42.638744 202 107 10
173.73808 11.130058 -31.832426 190.70549 49.017143 -42.638744 191.44319 27.59748 -1.471128 214 104 10
70.45824 27.59748 -1.471128 88.163345 11.130058 -31.832426 88.163345 7.227417 21.827154 211 103 10
70.45824 27.59748 -1.471128 88.163345 7.227417 21.827154 70.45824 26.057655 42.443516 211 108 10
173.73808 7.227417 21.827154 173.73808 11.130058 -31.832426 191.44319 27.59748 -1.471128 203 106 10
173.73808 7.227417 21.827154 191.44319 27.59748 -1.471128 191.44319 26.057655 42.443516 205 103 10
70.45824 26.057655 42.443516 88.163345 7.227417 21.827154 88.163345 16.987339 75.921036 213 108 10
70.45824 26.057655 42.443516 88.163345 16.987339 75.921036 70.45824 35.825607 85.584526 203 104 10
173.73808 16.987339 75.921036 173.73808 7.227417 21.827154 191.44319 26.057655 42.443516 210 103 10
173.73808 16.987339 75.921036 191.44319 26.057655 42.443516 191.44319 35.825607 85.584526 204 105 10
70.45824 35.825607 85.584526 88.163345 16.987339 75.921036 87.42563 62.271534 128.95354 219 107 10
70.45824 35.825607 85.584526 87.42563 62.271534 128.95354 72.67137 71.42705 107.79155 207 103 10
174.4758 62.271534 128.95354 173.73808 16.987339 75.921036 191.44319 35.825607 85.584526 217 105 10
174.4758 62.271534 128.95354 191.44319 35.825607 85.584526 189.23006 71.42705 107.79155 201 104 10
70.45824 35.825607 85.584526 72.67137 71.42705 107.79155 55.703964 48.36944 69.666885 200 103 10
72.67137 71.42705 107.79155 57.9171 75.68654 81.488365 55.703964 48.36944 69.666885 213 101 10
203.98433 75.68654 81.488365 189.23006 71.42705 107.79155 206.19746 48.36944 69.666885 200 103 10
189.23006 71.42705 107.79155 191.44319 35.825607 85.584526 206.19746 48.36944 69.666885 211 105 10
55.703964 48.36944 69.666885 55.703964 37.940865 27.940111 70.45824 26.057655 42.443516 215 101 10
55.703964 48.36944 69.666885 70.45824 26.057655 42.443516 70.45824 35.825607 85.584526 207 109 10
191.44319 26.057655 42.443516 206.19746 37.940865 27.940111 206.19746 48.36944 69.666885 214 106 10
191.44319 26.057655 42.443516 206.19746 48.36944 69.666885 191.44319 35.825607 85.584526 205 104 10
55.703964 37.940865 27.940111 55.703964 40.327766 -14.663445 70.45824 27.59748 -1.471128 211 104 10
55.703964 37.940865 27.940111 70.45824 27.59748 -1.471128 70.45824 26.057655 42.443516 218 100 10
191.44319 27.59748 -1.471128 206.19746 40.327766 -14.663445 206.19746 37.940865 27.940111 215 101 10
191.44319 27.59748 -1.471128 206.19746 37.940865 27.940111 191.44319 26.057655 42.443516 212 107 10
55.703964 40.327766 -14.663445 62.343384 52.88766 -52.48683 71.19594 49.017143 -42.638744 217 100 10
55.703964 40.327766 -14.663445 71.19594 49.017143 -42.638744 70.45824 27.59748 -1.471128 202 107 10
190.70549 49.017143 -42.638744 199.55804 52.88766 -52.48683 206.19746 40.327766 -14.663445 211 101 10
190.70549 49.017143 -42.638744 206.19746 40.327766 -14.663445 191.44319 27.59748 -1.471128 204 105 10
62.343384 52.88766 -52.48683 55.703964 51.39602 -74.28943 66.76967 46.499996 -79.430626 209 109 10
62.343384 52.88766 -52.48683 66.76967 46.499996 -79.430626 71.19594 49.017143 -42.638744 213 105 10
195.13176 46.499996 -79.430626 206.19746 51.39602 -74.28943 199.55804 52.88766 -52.48683 206 102 10
195.13176 46.499996 -79.430626 199.55804 52.88766 -52.48683 190.70549 49.017143 -42.638744 201 101 10
87.42563 62.271534 128.95354 88.163345 16.987339 75.921036 130.95071 15.92971 104.74325 207 104 10
87.42563 62.271534 128.95354 130.95071 15.92971 104.74325 130.95071 51.981228 155.66933 201 100 10
130.95071 15.92971 104.74325 173.73808 16.987339 75.921036 174.4758 62.271534 128.95354 202 103 10
130.95071 15.92971 104.74325 174.4758 62.271534 128.95354 130.95071 51.981228 155.66933 210 106 10
88.163345 16.987339 75.921036 88.163345 7.227417 21.827154 130.95071 2.0436783 23.550844 214 104 10
88.163345 16.987339 75.921036 130.95071 2.0436783 23.550844 130.95071 15.92971 104.74325 215 105 10
130.95071 2.0436783 23.550844 173.73808 7.227417 21.827154 173.73808 16.987339 75.921036 211 104 10
130.95071 2.0436783 23.550844 173.73808 16.987339 75.921036 130.95071 15.92971 104.74325 206 104 10
88.163345 7.227417 21.827154 88.163345 11.130058 -31.832426 130.95071 2.0436783 23.550844 208 104 10
88.163345 11.130058 -31.832426 130.95071 5.9543495 -41.061607 130.95071 2.0436783 23.550844 204 109 10
130.95071 5.9543495 -41.061607 173.73808 11.130058 -31.832426 130.95071 2.0436783 23.550844 211 104 10
173.73808 11.130058 -31.832426 173.73808 7.227417 21.827154 130.95071 2.0436783 23.550844 211 100 10
99.22904 98.74414 119.61304 87.42563 62.271534 128.95354 130.95071 99.19422 148.33209 207 102 10
87.42563 62.271534 128.95354 130.95071 51.981228 155.66933 130.95071 99.19422 148.33209 212 107 10
130.95071 51.981228 155.66933 174.4758 62.271534 128.95354 130.95071 99.19422 148.33209 210 106 10
174.4758 62.271534 128.95354 162.67238 98.74414 119.61304 130.95071 99.19422 148.33209 216 108 10
61.605667 99.78082 -9.147693 74.14679 91.155685 -68.79538 57.9171 75.79094 -60.898983 203 108 10
61.605667 99.78082 -9.147693 57.9171 75.79094 -60.898983 50.539978 72.8286 -4.565653 219 103 10
203.98433 75.79094 -60.898983 187.75464 91.155685 -68.79538 200.29576 99.78082 -9.147693 204 105 10
203.98433 75.79094 -60.898983 200.29576 99.78082 -9.147693 211.36145 72.8286 -4.565653 219 109 10
111.032455 131.83157 -27.768957 113.98331 132.9744 -44.27563 110.29475 118.10791 -73.37742 218 107 10
113.98331 132.9744 -44.27563 108.81932 125.17226 -69.75361 110.29475 118.10791 -73.37742 208 105 10
153.0821 125.17226 -69.75361 147.91812 132.9744 -44.27563 151.60669 118.10791 -73.37742 203 107 10
147.91812 132.9744 -44.27563 150.86897 131.83157 -27.768957 151.60669 118.10791 -73.37742 200 106 10
113.98331 132.9744 -44.27563 111.032455 131.83157 -27.768957 130.95071 138.33656 -32.321125 203 102 10
113.98331 132.9744 -44.27563 130.95071 138.33656 -32.321125 130.95071 139.47939 -48.827797 212 107 10
130.95071 138.33656 -32.321125 150.86897 131.83157 -27.768957 147.91812 132.9744 -44.27563 214 101 10
130.95071 138.33656 -32.321125 147.91812 132.9744 -44.27563 130.95071 139.47939 -48.827797 216 101 10
111.032455 131.83157 -27.768957 102.91761 129.42058 47.69322 130.95071 137.23074 62.218323 209 104 10
111.032455 131.83157 -27.768957 130.95071 137.23074 62.218323 130.95071 138.33656 -32.321125 216 109 10
130.95071 137.23074 62.218323 158.98383 129.42058 47.69322 150.86897 131.83157 -27.768957 202 106 10
130.95071 137.23074 62.218323 150.86897 131.83157 -27.768957 130.95071 138.33656 -32.321125 217 103 10
102.91761 129.42058 47.69322 98.49133 116.85265 96.469475 130.95071 137.23074 62.218323 211 108 10
98.49133 116.85265 96.469475 130.95071 122.96063 119.32528 130.95071 137.23074 62.218323 212 107 10
130.95071 122.96063 119.32528 163.4101 116.85265 96.469475 130.95071 137.23074 62.218323 207 106 10
163.4101 116.85265 96.469475 158.98383 129.42058 47.69322 130.95071 137.23074 62.218323 213 102 10
98.49133 116.85265 96.469475 99.22904 98.74414 119.61304 130.95071 122.96063 119.32528 207 101 10
99.22904 98.74414 119.61304 130.95071 99.19422 148.33209 130.95071 122.96063 119.32528 216 105 10
130.95071 99.19422 148.33209 162.67238 98.74414 119.61304 130.95071 122.96063 119.32528 217 108 10
162.67238 98.74414 119.61304 163.4101 116.85265 96.469475 130.95071 122.96063 119.32528 203 100 10
89.63877 99.54932 -78.95292 111.77017 106.71493 -84.91932 89.63877 103.326614 -90.163666 201 107 10
111.77017 106.71493 -84.91932 111.77017 107.47681 -95.92377 89.63877 103.326614 -90.163666 215 107 10
150.13126 107.47681 -95.92377 150.13126 106.71493 -84.91932 172.26265 103.326614 -90.163666 218 106 10
150.13126 106.71493 -84.91932 172.26265 99.54932 -78.95292 172.26265 103.326614 -90.163666 217 103 10
111.032455 112.36481 -79.8297 108.81932 113.60086 -94.97371 111.77017 106.71493 -84.91932 201 107 10
108.81932 113.60086 -94.97371 111.77017 107.47681 -95.92377 111.77017 106.71493 -84.91932 207 102 10
150.13126 107.47681 -95.92377 153.0821 113.60086 -94.97371 150.13126 106.71493 -84.91932 207 102 10
153.0821 113.60086 -94.97371 150.86897 112.36481 -79.8297 150.13126 106.71493 -84.91932 210 109 10
110.29475 118.10791 -73.37742 108.81932 125.17226 -69.75361 106.60618 119.63167 -95.386314 201 101 10
108.81932 125.17226 -69.75361 101.442184 131.50685 -98.936844 106.60618 119.63167 -95.386314 214 104 10
160.45924 131.50685 -98.936844 153.0821 125.17226 -69.75361 155.29526 119.63167 -95.386314 215 104 10
153.0821 125.17226 -69.75361 151.60669 118.10791 -73.37742 155.29526 119.63167 -95.386314 214 101 10
111.032455 112.36481 -79.8297 110.29475 118.10791 -73.37742 108.81932 113.60086 -94.97371 210 105 10
110.29475 118.10791 -73.37742 106.60618 119.63167 -95.386314 108.81932 113.60086 -94.97371 214 104 10
155.29526 119.63167 -95.386314 151.60669 118.10791 -73.37742 153.0821 113.60086 -94.97371 208 108 10
151.60669 118.10791 -73.37742 150.86897 112.36481 -79.8297 153.0821 113.60086 -94.97371 208 104 10
107.34389 139.6819 -68.00822 97.75362 156.38397 -100.63883 101.442184 131.50685 -98.936844 212 102 10
107.34389 139.6819 -68.00822 101.442184 131.50685 -98.936844 108.81932 125.17226 -69.75361 205 105 10
160.45924 131.50685 -98.936844 164.14781 156.38397 -100.63883 154.55754 139.6819 -68.00822 216 101 10
160.45924 131.50685 -98.936844 154.55754 139.6819 -68.00822 153.0821 125.17226 -69.75361 219 108 10
119.1473 143.82407 -62.815445 107.34389 139.6819 -68.00822 113.98331 132.9744 -44.27563 216 103 10
107.34389 139.6819 -68.00822 108.81932 125.17226 -69.75361 113.98331 132.9744 -44.27563 201 102 10
153.0821 125.17226 -69.75361 154.55754 139.6819 -68.00822 147.91812 132.9744 -44.27563 211 105 10
154.55754 139.6819 -68.00822 142.75412 143.82407 -62.815445 147.91812 132.9744 -44.27563 203 106 10
115.45874 182.0921 -79.12399 99.96676 179.54283 -72.10438 117.671875 164.8387 -65.62222 214 108 10
99.96676 179.54283 -72.10438 103.65533 160.12914 -68.03809 117.671875 164.8387 -65.62222 202 104 10
158.2461 160.12914 -68.03809 161.93466 179.54283 -72.10438 144.22955 164.8387 -65.62222 205 108 10
161.93466 179.54283 -72.10438 146.44269 182.0921 -79.12399 144.22955 164.8387 -65.62222 212 108 10
119.1473 143.82407 -62.815445 117.671875 164.8387 -65.62222 103.65533 160.12914 -68.03809 208 103 10
119.1473 143.82407 -62.815445 103.65533 160.12914 -68.03809 107.34389 139.6819 -68.00822 205 108 10
158.2461 160.12914 -68.03809 144.22955 164.8387 -65.62222 142.75412 143.82407 -62.815445 204 106 10
158.2461 160.12914 -68.03809 142.75412 143.82407 -62.815445 154.55754 139.6819 -68.00822 205 108 10
103.65533 160.12914 -68.03809 96.27819 175.69641 -95.11491 97.75362 156.38397 -100.63883 218 105 10
103.65533 160.12914 -68.03809 97.75362 156.38397 -100.63883 107.34389 139.6819 -68.00822 208 107 10
164.14781 156.38397 -100.63883 165.62323 175.69641 -95.11491 158.2461 160.12914 -68.03809 213 104 10
164.14781 156.38397 -100.63883 158.2461 160.12914 -68.03809 154.55754 139.6819 -68.00822 212 105 10
99.96676 179.54283 -72.10438 99.96676 181.06659 -94.11327 96.27819 175.69641 -95.11491 215 106 10
99.96676 179.54283 -72.10438 96.27819 175.69641 -95.11491 103.65533 160.12914 -68.03809 214 103 10
165.62323 175.69641 -95.11491 161.93466 181.06659 -94.11327 161.93466 179.54283 -72.10438 205 108 10
165.62323 175.69641 -95.11491 161.93466 179.54283 -72.10438 158.2461 160.12914 -68.03809 200 100 10
115.45874 182.0921 -79.12399 113.98331 182.95523 -99.71865 99.96676 181.06659 -94.11327 215 101 10
115.45874 182.0921 -79.12399 99.96676 181.06659 -94.11327 99.96676 179.54283 -72.10438 210 100 10
161.93466 181.06659 -94.11327 147.91812 182.95523 -99.71865 146.44269 182.0921 -79.12399 219 101 10
161.93466 181.06659 -94.11327 146.44269 182.0921 -79.12399 161.93466 179.54283 -72.10438 217 104 10
130.95071 184.82782 -83.418274 130.95071 184.18326 -103.90978 113.98331 182.95523 -99.71865 209 101 10
130.95071 184.82782 -83.418274 113.98331 182.95523 -99.71865 115.45874 182.0921 -79.12399 204 107 10
147.91812 182.95523 -99.71865 130.95071 184.18326 -103.90978 130.95071 184.82782 -83.418274 216 104 10
147.91812 182.95523 -99.71865 130.95071 184.82782 -83.418274 146.44269 182.0921 -79.12399 211 107 10
117.671875 164.8387 -65.62222 130.95071 169.6415 -61.843685 115.45874 182.0921 -79.12399 200 109 10
130.95071 169.6415 -61.843685 130.95071 184.82782 -83.418274 115.45874 182.0921 -79.12399 209 107 10
130.95071 184.82782 -83.418274 130.95071 169.6415 -61.843685 146.44269 182.0921 -79.12399 207 100 10
130.95071 169.6415 -61.843685 144.22955 164.8387 -65.62222 146.44269 182.0921 -79.12399 204 101 10
119.1473 143.82407 -62.815445 130.95071 147.30562 -56.208435 117.671875 164.8387 -65.62222 214 109 10
130.95071 147.30562 -56.208435 130.95071 169.6415 -61.843685 117.671875 164.8387 -65.62222 210 100 10
130.95071 169.6415 -61.843685 130.95071 147.30562 -56.208435 144.22955 164.8387 -65.62222 215 105 10
130.95071 147.30562 -56.208435 142.75412 143.82407 -62.815445 144.22955 164.8387 -65.62222 200 105 10
113.98331 132.9744 -44.27563 130.95071 139.47939 -48.827797 119.1473 143.82407 -62.815445 214 105 10
130.95071 139.47939 -48.827797 130.95071 147.30562 -56.208435 119.1473 143.82407 -62.815445 211 107 10
130.95071 147.30562 -56.208435 130.95071 139.47939 -48.827797 142.75412 143.82407 -62.815445 214 104 10
130.95071 139.47939 -48.827797 147.91812 132.9744 -44.27563 142.75412 143.82407 -62.815445 202 101 10
89.63877 99.54932 -78.95292 89.63877 103.326614 -90.163666 71.19594 93.433304 -90.85585 212 103 10
89.63877 99.54932 -78.95292 71.19594 93.433304 -90.85585 74.14679 91.155685 -68.79538 217 104 10
190.70549 93.433304 -90.85585 172.26265 103.326614 -90.163666 172.26265 99.54932 -78.95292 216 104 10
190.70549 93.433304 -90.85585 172.26265 99.54932 -78.95292 187.75464 91.155685 -68.79538 203 108 10
74.14679 91.155685 -68.79538 71.19594 93.433304 -90.85585 52.753113 76.45959 -73.26609 208 106 10
74.14679 91.155685 -68.79538 52.753113 76.45959 -73.26609 57.9171 75.79094 -60.898983 210 108 10
209.14832 76.45959 -73.26609 190.70549 93.433304 -90.85585 187.75464 91.155685 -68.79538 213 107 10
209.14832 76.45959 -73.26609 187.75464 91.155685 -68.79538 203.98433 75.79094 -60.898983 219 104 10
57.9171 75.79094 -60.898983 52.753113 76.45959 -73.26609 55.703964 51.39602 -74.28943 213 105 10
52.753113 76.45959 -73.26609 49.80226 47.54959 -97.29996 55.703964 51.39602 -74.28943 209 104 10
212.09917 47.54959 -97.29996 209.14832 76.45959 -73.26609 206.19746 51.39602 -74.28943 201 105 10
209.14832 76.45959 -73.26609 203.98433 75.79094 -60.898983 206.19746 51.39602 -74.28943 200 107 10
55.703964 51.39602 -74.28943 49.80226 47.54959 -97.29996 63.818817 41.89972 -102.38958 201 106 10
55.703964 51.39602 -74.28943 63.818817 41.89972 -102.38958 66.76967 46.499996 -79.430626 209 107 10
198.08261 41.89972 -102.38958 212.09917 47.54959 -97.29996 206.19746 51.39602 -74.28943 201 105 10
198.08261 41.89972 -102.38958 206.19746 51.39602 -74.28943 195.13176 46.499996 -79.430626 219 107 10
66.76967 46.499996 -79.430626 63.818817 41.89972 -102.38958 85.212494 35.954098 -89.661446 217 108 10
63.818817 41.89972 -102.38958 84.47478 29.846115 -112.51725 85.212494 35.954098 -89.661446 203 107 10
177.42665 29.846115 -112.51725 198.08261 41.89972 -102.38958 176.68893 35.954098 -89.661446 206 103 10
198.08261 41.89972 -102.38958 195.13176 46.499996 -79.430626 176.68893 35.954098 -89.661446 211 107 10
85.212494 35.954098 -89.661446 84.47478 29.846115 -112.51725 99.22904 22.672474 -95.59797 219 100 10
84.47478 29.846115 -112.51725 100.704475 14.209709 -119.66171 99.22904 22.672474 -95.59797 211 106 10
161.19696 14.209709 -119.66171 177.42665 29.846115 -112.51725 162.67238 22.672474 -95.59797 216 105 10
177.42665 29.846115 -112.51725 176.68893 35.954098 -89.661446 162.67238 22.672474 -95.59797 202 105 10
99.22904 22.672474 -95.59797 100.704475 14.209709 -119.66171 112.50788 24.65435 -99.84068 201 105 10
100.704475 14.209709 -119.66171 116.19645 17.699287 -124.007576 112.50788 24.65435 -99.84068 219 101 10
145.70499 17.699287 -124.007576 161.19696 14.209709 -119.66171 149.39355 24.65435 -99.84068 201 109 10
161.19696 14.209709 -119.66171 162.67238 22.672474 -95.59797 149.39355 24.65435 -99.84068 217 101 10
112.50788 24.65435 -99.84068 116.19645 17.699287 -124.007576 125.04901 39.65422 -124.1406 211 103 10
112.50788 24.65435 -99.84068 125.04901 39.65422 -124.1406 120.62273 44.34773 -99.818985 218 106 10
136.85242 39.65422 -124.1406 145.70499 17.699287 -124.007576 149.39355 24.65435 -99.84068 219 109 10
136.85242 39.65422 -124.1406 149.39355 24.65435 -99.84068 141.2787 44.34773 -99.818985 207 108 10
120.62273 44.34773 -99.818985 125.04901 39.65422 -124.1406 130.95071 45.778267 -123.190544 215 105 10
120.62273 44.34773 -99.818985 130.95071 45.778267 -123.190544 130.95071 49.71792 -98.817345 211 100 10
130.95071 45.778267 -123.190544 136.85242 39.65422 -124.1406 141.2787 44.34773 -99.818985 217 101 10
130.95071 45.778267 -123.190544 141.2787 44.34773 -99.818985 130.95071 49.71792 -98.817345 215 108 10
111.77017 70.56216 -126.255196 113.2456 71.79018 -130.44633 114.72102 65.66613 -131.3964 204 103 10
111.77017 70.56216 -126.255196 114.72102 65.66613 -131.3964 112.50788 65.285194 -125.894165 210 100 10
147.1804 65.66613 -131.3964 148.65582 71.79018 -130.44633 150.13126 70.56216 -126.255196 217 106 10
147.1804 65.66613 -131.3964 150.13126 70.56216 -126.255196 149.39355 65.285194 -125.894165 211 109 10
112.50788 65.285194 -125.894165 114.72102 65.66613 -131.3964 113.98331 58.127613 -130.88063 203 105 10
112.50788 65.285194 -125.894165 113.98331 58.127613 -130.88063 112.50788 58.407295 -126.79265 201 102 10
147.91812 58.127613 -130.88063 147.1804 65.66613 -131.3964 149.39355 65.285194 -125.894165 210 109 10
147.91812 58.127613 -130.88063 149.39355 65.285194 -125.894165 149.39355 58.407295 -126.79265 209 101 10
112.50788 58.407295 -126.79265 113.98331 58.127613 -130.88063 111.032455 50.589092 -130.36488 206 103 10
112.50788 58.407295 -126.79265 111.032455 50.589092 -130.36488 108.81932 52.37648 -126.38004 216 102 10
150.86897 50.589092 -130.36488 147.91812 58.127613 -130.88063 149.39355 58.407295 -126.79265 206 101 10
150.86897 50.589092 -130.36488 149.39355 58.407295 -126.79265 153.0821 52.37648 -126.38004 202 100 10
108.081604 74.99204 -127.92731 109.55703 76.22006 -132.11844 113.2456 71.79018 -130.44633 213 107 10
108.081604 74.99204 -127.92731 113.2456 71.79018 -130.44633 111.77017 70.56216 -126.255196 202 105 10
148.65582 71.79018 -130.44633 152.34439 76.22006 -132.11844 153.81982 74.99204 -127.92731 216 109 10
148.65582 71.79018 -130.44633 153.81982 74.99204 -127.92731 150.13126 70.56216 -126.255196 207 100 10
95.54048 79.13421 -122.734535 95.54048 81.20931 -125.614586 108.081604 74.99204 -127.92731 205 108 10
95.54048 81.20931 -125.614586 109.55703 76.22006 -132.11844 108.081604 74.99204 -127.92731 201 101 10
152.34439 76.22006 -132.11844 166.36095 81.20931 -125.614586 153.81982 74.99204 -127.92731 210 106 10
166.36095 81.20931 -125.614586 166.36095 79.13421 -122.734535 153.81982 74.99204 -127.92731 202 107 10
87.42563 76.39848 -118.44025 85.95021 77.719734 -121.26872 95.54048 79.13421 -122.734535 204 101 10
85.95021 77.719734 -121.26872 95.54048 81.20931 -125.614586 95.54048 79.13421 -122.734535 219 107 10
166.36095 81.20931 -125.614586 175.95122 77.719734 -121.26872 166.36095 79.13421 -122.734535 202 104 10
175.95122 77.719734 -121.26872 174.4758 76.39848 -118.44025 166.36095 79.13421 -122.734535 218 104 10
79.31079 67.725174 -112.3707 76.35994 69.13965 -113.83651 85.95021 77.719734 -121.26872 216 107 10
79.31079 67.725174 -112.3707 85.95021 77.719734 -121.26872 87.42563 76.39848 -118.44025 215 101 10
175.95122 77.719734 -121.26872 185.54149 69.13965 -113.83651 182.59064 67.725174 -112.3707 217 109 10
175.95122 77.719734 -121.26872 182.59064 67.725174 -112.3707 174.4758 76.39848 -118.44025 204 105 10
78.573074 60.940506 -111.90652 75.62222 60.000195 -114.58026 79.31079 67.725174 -112.3707 212 103 10
75.62222 60.000195 -114.58026 76.35994 69.13965 -113.83651 79.31079 67.725174 -112.3707 202 104 10
185.54149 69.13965 -113.83651 186.2792 60.000195 -114.58026 182.59064 67.725174 -112.3707 205 105 10
186.2792 60.000195 -114.58026 183.32835 60.940506 -111.90652 182.59064 67.725174 -112.3707 209 105 10
80.78621 55.570312 -112.90815 77.83536 53.876152 -115.53032 75.62222 60.000195 -114.58026 208 105 10
80.78621 55.570312 -112.90815 75.62222 60.000195 -114.58026 78.573074 60.940506 -111.90652 214 109 10
186.2792 60.000195 -114.58026 184.06607 53.876152 -115.53032 181.1152 55.570312 -112.90815 204 108 10
186.2792 60.000195 -114.58026 181.1152 55.570312 -112.90815 183.32835 60.940506 -111.90652 212 104 10
91.85191 49.4543 -124.81108 91.1142 48.42076 -128.84749 80.78621 55.570312 -112.90815 200 106 10
91.1142 48.42076 -128.84749 77.83536 53.876152 -115.53032 80.78621 55.570312 -112.90815 204 101 10
184.06607 53.876152 -115.53032 170.78723 48.42076 -128.84749 181.1152 55.570312 -112.90815 201 101 10
170.78723 48.42076 -128.84749 170.04951 49.4543 -124.81108 181.1152 55.570312 -112.90815 211 109 10
99.22904 47.946594 -124.70793 99.22904 45.591812 -125.91586 91.85191 49.4543 -124.81108 217 103 10
99.22904 45.591812 -125.91586 91.1142 48.42076 -128.84749 91.85191 49.4543 -124.81108 201 107 10
170.78723 48.42076 -128.84749 162.67238 45.591812 -125.91586 170.04951 49.4543 -124.81108 205 102 10
162.67238 45.591812 -125.91586 162.67238 47.946594 -124.70793 170.04951 49.4543 -124.81108 206 108 10
104.393036 48.513992 -127.48483 105.13075 46.15921 -128.69276 99.22904 45.591812 -125.91586 213 104 10
104.393036 48.513992 -127.48483 99.22904 45.591812 -125.91586 99.22904 47.946594 -124.70793 206 109 10
162.67238 45.591812 -125.91586 156.77068 46.15921 -128.69276 157.50839 48.513992 -127.48483 219 107 10
162.67238 45.591812 -125.91586 157.50839 48.513992 -127.48483 162.67238 47.946594 -124.70793 210 104 10
108.81932 52.37648 -126.38004 111.032455 50.589092 -130.36488 105.13075 46.15921 -128.69276 206 102 10
108.81932 52.37648 -126.38004 105.13075 46.15921 -128.69276 104.393036 48.513992 -127.48483 206 105 10
156.77068 46.15921 -128.69276 150.86897 50.589092 -130.36488 153.0821 52.37648 -126.38004 201 109 10
156.77068 46.15921 -128.69276 153.0821 52.37648 -126.38004 157.50839 48.513992 -127.48483 200 100 10
111.032455 50.589092 -130.36488 115.45874 46.91306 -128.74434 107.34389 41.822548 -125.65799 211 102 10
111.032455 50.589092 -130.36488 107.34389 41.822548 -125.65799 105.13075 46.15921 -128.69276 204 106 10
154.55754 41.822548 -125.65799 146.44269 46.91306 -128.74434 150.86897 50.589092 -130.36488 207 107 10
154.55754 41.822548 -125.65799 150.86897 50.589092 -130.36488 156.77068 46.15921 -128.69276 211 102 10
105.13075 46.15921 -128.69276 107.34389 41.822548 -125.65799 99.96676 41.255154 -122.88109 202 106 10
105.13075 46.15921 -128.69276 99.96676 41.255154 -122.88109 99.22904 45.591812 -125.91586 219 103 10
161.93466 41.255154 -122.88109 154.55754 41.822548 -125.65799 156.77068 46.15921 -128.69276 218 103 10
161.93466 41.255154 -122.88109 156.77068 46.15921 -128.69276 162.67238 45.591812 -125.91586 205 105 10
99.22904 45.591812 -125.91586 99.96676 41.255154 -122.88109 90.37649 45.304096 -119.05098 215 105 10
99.22904 45.591812 -125.91586 90.37649 45.304096 -119.05098 91.1142 48.42076 -128.84749 210 107 10
171.52493 45.304096 -119.05098 161.93466 41.255154 -122.88109 162.67238 45.591812 -125.91586 207 100 10
171.52493 45.304096 -119.05098 162.67238 45.591812 -125.91586 170.78723 48.42076 -128.84749 203 107 10
91.1142 48.42076 -128.84749 90.37649 45.304096 -119.05098 77.83536 53.876152 -115.53032 205 104 10
90.37649 45.304096 -119.05098 74.14679 51.987507 -109.92495 77.83536 53.876152 -115.53032 205 103 10
187.75464 51.987507 -109.92495 171.52493 45.304096 -119.05098 184.06607 53.876152 -115.53032 208 102 10
171.52493 45.304096 -119.05098 170.78723 48.42076 -128.84749 184.06607 53.876152 -115.53032 208 100 10
77.83536 53.876152 -115.53032 74.14679 51.987507 -109.92495 75.62222 60.000195 -114.58026 211 106 10
74.14679 51.987507 -109.92495 70.45824 59.712482 -107.71538 75.62222 60.000195 -114.58026 213 109 10
191.44319 59.712482 -107.71538 187.75464 51.987507 -109.92495 186.2792 60.000195 -114.58026 208 102 10
187.75464 51.987507 -109.92495 184.06607 53.876152 -115.53032 186.2792 60.000195 -114.58026 204 105 10
75.62222 60.000195 -114.58026 70.45824 59.712482 -107.71538 71.933655 70.26641 -108.43743 217 101 10
75.62222 60.000195 -114.58026 71.933655 70.26641 -108.43743 76.35994 69.13965 -113.83651 219 107 10
189.96777 70.26641 -108.43743 191.44319 59.712482 -107.71538 186.2792 60.000195 -114.58026 209 102 10
189.96777 70.26641 -108.43743 186.2792 60.000195 -114.58026 185.54149 69.13965 -113.83651 207 102 10
76.35994 69.13965 -113.83651 71.933655 70.26641 -108.43743 84.47478 82.04836 -113.350624 216 108 10
76.35994 69.13965 -113.83651 84.47478 82.04836 -113.350624 85.95021 77.719734 -121.26872 200 101 10
177.42665 82.04836 -113.350624 189.96777 70.26641 -108.43743 185.54149 69.13965 -113.83651 218 101 10
177.42665 82.04836 -113.350624 185.54149 69.13965 -113.83651 175.95122 77.719734 -121.26872 217 101 10
85.95021 77.719734 -121.26872 84.47478 82.04836 -113.350624 95.54048 86.19856 -119.110725 213 101 10
85.95021 77.719734 -121.26872 95.54048 86.19856 -119.110725 95.54048 81.20931 -125.614586 210 101 10
166.36095 86.19856 -119.110725 177.42665 82.04836 -113.350624 175.95122 77.719734 -121.26872 208 109 10
166.36095 86.19856 -119.110725 175.95122 77.719734 -121.26872 166.36095 81.20931 -125.614586 203 109 10
95.54048 81.20931 -125.614586 95.54048 86.19856 -119.110725 111.77017 78.1939 -125.40829 211 108 10
95.54048 81.20931 -125.614586 111.77017 78.1939 -125.40829 109.55703 76.22006 -132.11844 218 100 10
150.13126 78.1939 -125.40829 166.36095 86.19856 -119.110725 166.36095 81.20931 -125.614586 201 101 10
150.13126 78.1939 -125.40829 166.36095 81.20931 -125.614586 152.34439 76.22006 -132.11844 211 109 10
109.55703 76.22006 -132.11844 111.77017 78.1939 -125.40829 113.2456 71.79018 -130.44633 206 105 10
111.77017 78.1939 -125.40829 115.45874 73.57756 -126.461494 113.2456 71.79018 -130.44633 214 108 10
146.44269 73.57756 -126.461494 150.13126 78.1939 -125.40829 148.65582 71.79018 -130.44633 215 100 10
150.13126 78.1939 -125.40829 152.34439 76.22006 -132.11844 148.65582 71.79018 -130.44633 202 105 10
113.98331 58.127613 -130.88063 119.1473 57.560215 -128.10373 111.032455 50.589092 -130.36488 219 101 10
119.1473 57.560215 -128.10373 115.45874 46.91306 -128.74434 111.032455 50.589092 -130.36488 215 108 10
146.44269 46.91306 -128.74434 142.75412 57.560215 -128.10373 150.86897 50.589092 -130.36488 206 106 10
142.75412 57.560215 -128.10373 147.91812 58.127613 -130.88063 150.86897 50.589092 -130.36488 201 109 10
114.72102 65.66613 -131.3964 118.40959 66.69967 -127.35998 119.1473 57.560215 -128.10373 215 105 10
114.72102 65.66613 -131.3964 119.1473 57.560215 -128.10373 113.98331 58.127613 -130.88063 202 102 10
142.75412 57.560215 -128.10373 143.49184 66.69967 -127.35998 147.1804 65.66613 -131.3964 210 102 10
142.75412 57.560215 -128.10373 147.1804 65.66613 -131.3964 147.91812 58.127613 -130.88063 204 101 10
113.2456 71.79018 -130.44633 115.45874 73.57756 -126.461494 118.40959 66.69967 -127.35998 201 101 10
113.2456 71.79018 -130.44633 118.40959 66.69967 -127.35998 114.72102 65.66613 -131.3964 202 101 10
143.49184 66.69967 -127.35998 146.44269 73.57756 -126.461494 148.65582 71.79018 -130.44633 206 107 10
143.49184 66.69967 -127.35998 148.65582 71.79018 -130.44633 147.1804 65.66613 -131.3964 201 106 10
126.52444 170.71518 -112.57164 130.95071 171.46902 -112.623215 130.95071 163.65083 -116.19545 205 107 10
126.52444 170.71518 -112.57164 130.95071 163.65083 -116.19545 122.09815 160.5422 -117.35181 209 100 10
130.95071 163.65083 -116.19545 130.95071 171.46902 -112.623215 135.37698 170.71518 -112.57164 217 105 10
130.95071 163.65083 -116.19545 135.37698 170.71518 -112.57164 139.80328 160.5422 -117.35181 212 108 10
130.95071 163.65083 -116.19545 130.95071 162.15115 -127.045166 122.09815 160.5422 -117.35181 214 103 10
130.95071 162.15115 -127.045166 122.09815 159.04253 -128.20152 122.09815 160.5422 -117.35181 213 100 10
139.80328 159.04253 -128.20152 130.95071 162.15115 -127.045166 139.80328 160.5422 -117.35181 219 107 10
130.95071 162.15115 -127.045166 130.95071 163.65083 -116.19545 139.80328 160.5422 -117.35181 200 107 10
122.09815 160.5422 -117.35181 122.09815 159.04253 -128.20152 122.09815 166.7675 -125.99196 206 101 10
122.09815 160.5422 -117.35181 122.09815 166.7675 -125.99196 122.09815 166.85269 -113.67642 219 108 10
139.80328 166.7675 -125.99196 139.80328 159.04253 -128.20152 139.80328 160.5422 -117.35181 208 102 10
139.80328 166.7675 -125.99196 139.80328 160.5422 -117.35181 139.80328 166.85269 -113.67642 200 105 10
122.09815 166.85269 -113.67642 122.09815 166.7675 -125.99196 126.52444 171.5703 -122.213425 207 101 10
122.09815 166.85269 -113.67642 126.52444 171.5703 -122.213425 126.52444 170.71518 -112.57164 213 107 10
135.37698 171.5703 -122.213425 139.80328 166.7675 -125.99196 139.80328 166.85269 -113.67642 217 107 10
135.37698 171.5703 -122.213425 139.80328 166.85269 -113.67642 135.37698 170.71518 -112.57164 207 101 10
126.52444 170.71518 -112.57164 126.52444 171.5703 -122.213425 130.95071 171.46902 -112.623215 211 108 10
126.52444 171.5703 -122.213425 130.95071 172.32414 -122.265 130.95071 171.46902 -112.623215 203 104 10
130.95071 172.32414 -122.265 135.37698 171.5703 -122.213425 130.95071 171.46902 -112.623215 209 107 10
135.37698 171.5703 -122.213425 135.37698 170.71518 -112.57164 130.95071 171.46902 -112.623215 205 101 10
126.52444 171.5703 -122.213425 125.04901 172.98477 -123.67924 130.95071 173.83185 -122.36815 202 109 10
126.52444 171.5703 -122.213425 130.95071 173.83185 -122.36815 130.95071 172.32414 -122.265 204 101 10
130.95071 173.83185 -122.36815 136.85242 172.98477 -123.67924 135.37698 171.5703 -122.213425 214 102 10
130.95071 173.83185 -122.36815 135.37698 171.5703 -122.213425 130.95071 172.32414 -122.265 217 100 10
122.09815 166.7675 -125.99196 119.88502 168.2752 -126.09511 125.04901 172.98477 -123.67924 209 108 10
122.09815 166.7675 -125.99196 125.04901 172.98477 -123.67924 126.52444 171.5703 -122.213425 219 108 10
136.85242 172.98477 -123.67924 142.01642 168.2752 -126.09511 139.80328 166.7675 -125.99196 202 100 10
136.85242 172.98477 -123.67924 139.80328 166.7675 -125.99196 135.37698 171.5703 -122.213425 208 104 10
122.09815 159.04253 -128.20152 120.62273 156.68774 -129.40947 119.88502 168.2752 -126.09511 203 101 10
122.09815 159.04253 -128.20152 119.88502 168.2752 -126.09511 122.09815 166.7675 -125.99196 204 100 10
142.01642 168.2752 -126.09511 141.2787 156.68774 -129.40947 139.80328 159.04253 -128.20152 218 105 10
142.01642 168.2752 -126.09511 139.80328 159.04253 -128.20152 139.80328 166.7675 -125.99196 204 104 10
130.95071 162.15115 -127.045166 130.95071 161.21085 -129.71892 122.09815 159.04253 -128.20152 208 104 10
130.95071 161.21085 -129.71892 120.62273 156.68774 -129.40947 122.09815 159.04253 -128.20152 218 108 10
141.2787 156.68774 -129.40947 130.95071 161.21085 -129.71892 139.80328 159.04253 -128.20152 203 102 10
130.95071 161.21085 -129.71892 130.95071 162.15115 -127.045166 139.80328 159.04253 -128.20152 201 103 10
115.45874 110.98245 -122.17538 119.1473 96.20116 -138.96162 111.77017 107.47681 -95.92377 203 102 10
115.45874 110.98245 -122.17538 111.77017 107.47681 -95.92377 108.81932 113.60086 -94.97371 208 109 10
150.13126 107.47681 -95.92377 142.75412 96.20116 -138.96162 146.44269 110.98245 -122.17538 211 103 10
150.13126 107.47681 -95.92377 146.44269 110.98245 -122.17538 153.0821 113.60086 -94.97371 219 100 10
115.45874 110.98245 -122.17538 108.81932 113.60086 -94.97371 113.98331 117.76712 -122.63956 204 109 10
108.81932 113.60086 -94.97371 106.60618 119.63167 -95.386314 113.98331 117.76712 -122.63956 218 103 10
155.29526 119.63167 -95.386314 153.0821 113.60086 -94.97371 147.91812 117.76712 -122.63956 219 103 10
153.0821 113.60086 -94.97371 146.44269 110.98245 -122.17538 147.91812 117.76712 -122.63956 216 101 10
113.98331 117.76712 -122.63956 106.60618 119.63167 -95.386314 111.032455 130.58261 -123.51634 209 100 10
106.60618 119.63167 -95.386314 101.442184 131.50685 -98.936844 111.032455 130.58261 -123.51634 204 104 10
160.45924 131.50685 -98.936844 155.29526 119.63167 -95.386314 150.86897 130.58261 -123.51634 211 104 10
155.29526 119.63167 -95.386314 147.91812 117.76712 -122.63956 150.86897 130.58261 -123.51634 218 109 10
111.032455 130.58261 -123.51634 123.573586 130.11646 -130.32965 113.98331 117.76712 -122.63956 217 108 10
123.573586 130.11646 -130.32965 122.83587 115.13265 -127.93548 113.98331 117.76712 -122.63956 217 100 10
139.06555 115.13265 -127.93548 138.32785 130.11646 -130.32965 147.91812 117.76712 -122.63956 201 109 10
138.32785 130.11646 -130.32965 150.86897 130.58261 -123.51634 147.91812 117.76712 -122.63956 207 102 10
113.98331 117.76712 -122.63956 122.83587 115.13265 -127.93548 115.45874 110.98245 -122.17538 203 107 10
122.83587 115.13265 -127.93548 119.1473 109.008606 -128.88554 115.45874 110.98245 -122.17538 203 107 10
142.75412 109.008606 -128.88554 139.06555 115.13265 -127.93548 146.44269 110.98245 -122.17538 202 101 10
139.06555 115.13265 -127.93548 147.91812 117.76712 -122.63956 146.44269 110.98245 -122.17538 215 103 10
115.45874 110.98245 -122.17538 119.1473 109.008606 -128.88554 121.36044 101.56332 -127.007126 202 107 10
115.45874 110.98245 -122.17538 121.36044 101.56332 -127.007126 119.1473 96.20116 -138.96162 212 101 10
140.54099 101.56332 -127.007126 142.75412 109.008606 -128.88554 146.44269 110.98245 -122.17538 201 104 10
140.54099 101.56332 -127.007126 146.44269 110.98245 -122.17538 142.75412 96.20116 -138.96162 205 105 10
119.1473 96.20116 -138.96162 121.36044 101.56332 -127.007126 130.95071 100.80946 -126.95554 208 105 10
119.1473 96.20116 -138.96162 130.95071 100.80946 -126.95554 130.95071 82.90347 -122.99241 219 100 10
130.95071 100.80946 -126.95554 140.54099 101.56332 -127.007126 142.75412 96.20116 -138.96162 200 108 10
130.95071 100.80946 -126.95554 142.75412 96.20116 -138.96162 130.95071 82.90347 -122.99241 200 108 10
123.573586 110.61757 -138.5789 130.95071 114.386826 -138.83678 130.95071 105.81477 -142.35744 214 108 10
123.573586 110.61757 -138.5789 130.95071 105.81477 -142.35744 120.62273 108.07633 -142.51216 218 107 10
130.95071 105.81477 -142.35744 130.95071 114.386826 -138.83678 138.32785 110.61757 -138.5789 215 103 10
130.95071 105.81477 -142.35744 138.32785 110.61757 -138.5789 141.2787 108.07633 -142.51216 200 109 10
122.09815 101.47812 -139.32266 120.62273 108.07633 -142.51216 126.52444 100.724266 -139.27109 201 102 10
120.62273 108.07633 -142.51216 130.95071 105.81477 -142.35744 126.52444 100.724266 -139.27109 214 101 10
130.95071 105.81477 -142.35744 141.2787 108.07633 -142.51216 135.37698 100.724266 -139.27109 207 105 10
141.2787 108.07633 -142.51216 139.80328 101.47812 -139.32266 135.37698 100.724266 -139.27109 210 105 10
123.573586 110.61757 -138.5789 120.62273 108.07633 -142.51216 118.40959 108.44924 -137.06151 204 101 10
123.573586 110.61757 -138.5789 118.40959 108.44924 -137.06151 122.09815 113.15881 -134.64565 212 102 10
143.49184 108.44924 -137.06151 141.2787 108.07633 -142.51216 138.32785 110.61757 -138.5789 211 109 10
143.49184 108.44924 -137.06151 138.32785 110.61757 -138.5789 139.80328 113.15881 -134.64565 216 100 10
120.62273 108.07633 -142.51216 122.09815 101.47812 -139.32266 118.40959 108.44924 -137.06151 208 107 10
122.09815 101.47812 -139.32266 120.62273 99.58948 -133.71729 118.40959 108.44924 -137.06151 200 104 10
141.2787 99.58948 -133.71729 139.80328 101.47812 -139.32266 143.49184 108.44924 -137.06151 213 100 10
139.80328 101.47812 -139.32266 141.2787 108.07633 -142.51216 143.49184 108.44924 -137.06151 206 103 10
122.09815 101.47812 -139.32266 126.52444 100.724266 -139.27109 127.262146 98.83562 -133.66571 218 102 10
122.09815 101.47812 -139.32266 127.262146 98.83562 -133.66571 120.62273 99.58948 -133.71729 203 106 10
134.63928 98.83562 -133.66571 135.37698 100.724266 -139.27109 139.80328 101.47812 -139.32266 211 101 10
134.63928 98.83562 -133.66571 139.80328 101.47812 -139.32266 141.2787 99.58948 -133.71729 212 106 10
126.52444 100.724266 -139.27109 130.95071 105.81477 -142.35744 130.95071 104.67998 -136.80363 207 103 10
126.52444 100.724266 -139.27109 130.95071 104.67998 -136.80363 127.262146 98.83562 -133.66571 217 107 10
130.95071 104.67998 -136.80363 130.95071 105.81477 -142.35744 135.37698 100.724266 -139.27109 216 103 10
130.95071 104.67998 -136.80363 135.37698 100.724266 -139.27109 134.63928 98.83562 -133.66571 205 100 10
123.573586 110.61757 -138.5789 122.09815 113.15881 -134.64565 130.95071 114.386826 -138.83678 209 109 10
122.09815 113.15881 -134.64565 130.95071 117.681915 -134.9551 130.95071 114.386826 -138.83678 206 100 10
130.95071 117.681915 -134.9551 139.80328 113.15881 -134.64565 130.95071 114.386826 -138.83678 217 101 10
139.80328 113.15881 -134.64565 138.32785 110.61757 -138.5789 130.95071 114.386826 -138.83678 201 102 10
122.09815 113.15881 -134.64565 122.83587 115.13265 -127.93548 130.95071 117.681915 -134.9551 218 101 10
122.83587 115.13265 -127.93548 130.95071 118.90192 -128.19336 130.95071 117.681915 -134.9551 214 106 10
130.95071 118.90192 -128.19336 139.06555 115.13265 -127.93548 130.95071 117.681915 -134.9551 203 100 10
139.06555 115.13265 -127.93548 139.80328 113.15881 -134.64565 130.95071 117.681915 -134.9551 219 100 10
127.262146 98.83562 -133.66571 130.95071 104.67998 -136.80363 130.95071 100.80946 -126.95554 206 101 10
130.95071 104.67998 -136.80363 130.95071 105.993195 -128.67923 130.95071 100.80946 -126.95554 214 108 10
130.95071 105.993195 -128.67923 130.95071 104.67998 -136.80363 130.95071 100.80946 -126.95554 206 103 10
130.95071 104.67998 -136.80363 134.63928 98.83562 -133.66571 130.95071 100.80946 -126.95554 210 107 10
120.62273 99.58948 -133.71729 127.262146 98.83562 -133.66571 121.36044 101.56332 -127.007126 214 103 10
127.262146 98.83562 -133.66571 130.95071 100.80946 -126.95554 121.36044 101.56332 -127.007126 209 105 10
130.95071 100.80946 -126.95554 134.63928 98.83562 -133.66571 140.54099 101.56332 -127.007126 214 107 10
134.63928 98.83562 -133.66571 141.2787 99.58948 -133.71729 140.54099 101.56332 -127.007126 211 102 10
118.40959 108.44924 -137.06151 120.62273 99.58948 -133.71729 119.1473 109.008606 -128.88554 214 109 10
120.62273 99.58948 -133.71729 121.36044 101.56332 -127.007126 119.1473 109.008606 -128.88554 205 105 10
140.54099 101.56332 -127.007126 141.2787 99.58948 -133.71729 142.75412 109.008606 -128.88554 201 103 10
141.2787 99.58948 -133.71729 143.49184 108.44924 -137.06151 142.75412 109.008606 -128.88554 217 100 10
122.09815 113.15881 -134.64565 118.40959 108.44924 -137.06151 119.1473 109.008606 -128.88554 209 105 10
122.09815 113.15881 -134.64565 119.1473 109.008606 -128.88554 122.83587 115.13265 -127.93548 212 106 10
142.75412 109.008606 -128.88554 143.49184 108.44924 -137.06151 139.80328 113.15881 -134.64565 212 105 10
142.75412 109.008606 -128.88554 139.80328 113.15881 -134.64565 139.06555 115.13265 -127.93548 214 109 10
119.88502 153.67233 -129.20317 120.62273 156.68774 -129.40947 130.95071 152.91849 -129.1516 214 104 10
120.62273 156.68774 -129.40947 130.95071 161.21085 -129.71892 130.95071 152.91849 -129.1516 216 100 10
130.95071 161.21085 -129.71892 141.2787 156.68774 -129.40947 130.95071 152.91849 -129.1516 216 103 10
141.2787 156.68774 -129.40947 142.01642 153.67233 -129.20317 130.95071 152.91849 -129.1516 215 105 10
130.95071 130.11646 -130.32965 123.573586 130.11646 -130.32965 130.95071 152.91849 -129.1516 214 102 10
123.573586 130.11646 -130.32965 119.88502 153.67233 -129.20317 130.95071 152.91849 -129.1516 201 104 10
142.01642 153.67233 -129.20317 138.32785 130.11646 -130.32965 130.95071 152.91849 -129.1516 200 106 10
138.32785 130.11646 -130.32965 130.95071 130.11646 -130.32965 130.95071 152.91849 -129.1516 213 107 10
130.95071 130.11646 -130.32965 130.95071 118.90192 -128.19336 123.573586 130.11646 -130.32965 211 109 10
130.95071 118.90192 -128.19336 122.83587 115.13265 -127.93548 123.573586 130.11646 -130.32965 206 106 10
139.06555 115.13265 -127.93548 130.95071 118.90192 -128.19336 138.32785 130.11646 -130.32965 206 101 10
130.95071 118.90192 -128.19336 130.95071 130.11646 -130.32965 138.32785 130.11646 -130.32965 213 107 10
107.34389 155.73941 -121.13034 105.86846 167.32687 -117.81599 120.62273 156.68774 -129.40947 215 102 10
107.34389 155.73941 -121.13034 120.62273 156.68774 -129.40947 119.88502 153.67233 -129.20317 208 103 10
141.2787 156.68774 -129.40947 156.03296 167.32687 -117.81599 154.55754 155.73941 -121.13034 217 101 10
141.2787 156.68774 -129.40947 154.55754 155.73941 -121.13034 142.01642 153.67233 -129.20317 206 106 10
119.88502 153.67233 -129.20317 123.573586 130.11646 -130.32965 111.032455 130.58261 -123.51634 212 101 10
119.88502 153.67233 -129.20317 111.032455 130.58261 -123.51634 107.34389 155.73941 -121.13034 212 104 10
150.86897 130.58261 -123.51634 138.32785 130.11646 -130.32965 142.01642 153.67233 -129.20317 209 103 10
150.86897 130.58261 -123.51634 142.01642 153.67233 -129.20317 154.55754 155.73941 -121.13034 218 101 10
108.81932 176.746 -112.984245 119.88502 168.2752 -126.09511 105.86846 167.32687 -117.81599 212 100 10
119.88502 168.2752 -126.09511 120.62273 156.68774 -129.40947 105.86846 167.32687 -117.81599 212 106 10
141.2787 156.68774 -129.40947 142.01642 168.2752 -126.09511 156.03296 167.32687 -117.81599 213 103 10
142.01642 168.2752 -126.09511 153.0821 176.746 -112.984245 156.03296 167.32687 -117.81599 208 102 10
115.45874 178.2537 -113.087395 125.04901 172.98477 -123.67924 119.88502 168.2752 -126.09511 205 107 10
115.45874 178.2537 -113.087395 119.88502 168.2752 -126.09511 108.81932 176.746 -112.984245 218 105 10
142.01642 168.2752 -126.09511 136.85242 172.98477 -123.67924 146.44269 178.2537 -113.087395 218 106 10
142.01642 168.2752 -126.09511 146.44269 178.2537 -113.087395 153.0821 176.746 -112.984245 207 106 10
130.95071 179.66818 -114.55321 130.95071 173.83185 -122.36815 125.04901 172.98477 -123.67924 218 108 10
130.95071 179.66818 -114.55321 125.04901 172.98477 -123.67924 115.45874 178.2537 -113.087395 201 107 10
136.85242 172.98477 -123.67924 130.95071 173.83185 -122.36815 130.95071 179.66818 -114.55321 219 103 10
136.85242 172.98477 -123.67924 130.95071 179.66818 -114.55321 146.44269 178.2537 -113.087395 207 105 10
118.40959 66.69967 -127.35998 115.45874 73.57756 -126.461494 130.95071 66.60644 -128.72264 210 100 10
115.45874 73.57756 -126.461494 130.95071 82.90347 -122.99241 130.95071 66.60644 -128.72264 219 109 10
130.95071 82.90347 -122.99241 146.44269 73.57756 -126.461494 130.95071 66.60644 -128.72264 208 109 10
146.44269 73.57756 -126.461494 143.49184 66.69967 -127.35998 130.95071 66.60644 -128.72264 203 100 10
130.95071 66.60644 -128.72264 130.95071 52.38451 -137.33292 119.1473 57.560215 -128.10373 218 108 10
130.95071 66.60644 -128.72264 119.1473 57.560215 -128.10373 118.40959 66.69967 -127.35998 214 106 10
142.75412 57.560215 -128.10373 130.95071 52.38451 -137.33292 130.95071 66.60644 -128.72264 202 101 10
142.75412 57.560215 -128.10373 130.95071 66.60644 -128.72264 143.49184 66.69967 -127.35998 217 103 10
130.95071 52.38451 -137.33292 121.36044 44.566307 -140.90515 119.1473 57.560215 -128.10373 216 108 10
121.36044 44.566307 -140.90515 115.45874 46.91306 -128.74434 119.1473 57.560215 -128.10373 219 107 10
146.44269 46.91306 -128.74434 140.54099 44.566307 -140.90515 142.75412 57.560215 -128.10373 208 103 10
140.54099 44.566307 -140.90515 130.95071 52.38451 -137.33292 142.75412 57.560215 -128.10373 208 103 10
130.95071 82.90347 -122.99241 115.45874 73.57756 -126.461494 111.77017 78.1939 -125.40829 203 104 10
130.95071 82.90347 -122.99241 111.77017 78.1939 -125.40829 119.1473 96.20116 -138.96162 202 101 10
150.13126 78.1939 -125.40829 146.44269 73.57756 -126.461494 130.95071 82.90347 -122.99241 216 105 10
150.13126 78.1939 -125.40829 130.95071 82.90347 -122.99241 142.75412 96.20116 -138.96162 214 103 10
93.32734 92.60229 -114.072685 119.1473 96.20116 -138.96162 111.77017 78.1939 -125.40829 211 107 10
93.32734 92.60229 -114.072685 111.77017 78.1939 -125.40829 95.54048 86.19856 -119.110725 207 109 10
150.13126 78.1939 -125.40829 142.75412 96.20116 -138.96162 168.5741 92.60229 -114.072685 212 105 10
150.13126 78.1939 -125.40829 168.5741 92.60229 -114.072685 166.36095 86.19856 -119.110725 200 105 10
72.67137 83.36158 -105.22623 93.32734 92.60229 -114.072685 84.47478 82.04836 -113.350624 207 107 10
93.32734 92.60229 -114.072685 95.54048 86.19856 -119.110725 84.47478 82.04836 -113.350624 203 104 10
166.36095 86.19856 -119.110725 168.5741 92.60229 -114.072685 177.42665 82.04836 -113.350624 217 100 10
168.5741 92.60229 -114.072685 189.23006 83.36158 -105.22623 177.42665 82.04836 -113.350624 217 107 10
62.343384 69.31807 -100.15831 72.67137 83.36158 -105.22623 71.933655 70.26641 -108.43743 218 108 10
72.67137 83.36158 -105.22623 84.47478 82.04836 -113.350624 71.933655 70.26641 -108.43743 209 103 10
177.42665 82.04836 -113.350624 189.23006 83.36158 -105.22623 189.96777 70.26641 -108.43743 204 108 10
189.23006 83.36158 -105.22623 199.55804 69.31807 -100.15831 189.96777 70.26641 -108.43743 214 103 10
60.867966 52.080734 -108.56229 62.343384 69.31807 -100.15831 70.45824 59.712482 -107.71538 206 108 10
62.343384 69.31807 -100.15831 71.933655 70.26641 -108.43743 70.45824 59.712482 -107.71538 210 101 10
189.96777 70.26641 -108.43743 199.55804 69.31807 -100.15831 191.44319 59.712482 -107.71538 207 102 10
199.55804 69.31807 -100.15831 201.03348 52.080734 -108.56229 191.44319 59.712482 -107.71538 210 109 10
66.03195 47.472427 -120.56837 60.867966 52.080734 -108.56229 74.14679 51.987507 -109.92495 219 109 10
60.867966 52.080734 -108.56229 70.45824 59.712482 -107.71538 74.14679 51.987507 -109.92495 218 106 10
191.44319 59.712482 -107.71538 201.03348 52.080734 -108.56229 187.75464 51.987507 -109.92495 209 109 10
201.03348 52.080734 -108.56229 195.86948 47.472427 -120.56837 187.75464 51.987507 -109.92495 203 108 10
89.63877 33.817894 -131.95555 66.03195 47.472427 -120.56837 90.37649 45.304096 -119.05098 214 103 10
66.03195 47.472427 -120.56837 74.14679 51.987507 -109.92495 90.37649 45.304096 -119.05098 205 105 10
187.75464 51.987507 -109.92495 195.86948 47.472427 -120.56837 171.52493 45.304096 -119.05098 209 101 10
195.86948 47.472427 -120.56837 172.26265 33.817894 -131.95555 171.52493 45.304096 -119.05098 205 103 10
101.442184 24.30553 -138.14995 89.63877 33.817894 -131.95555 99.96676 41.255154 -122.88109 200 107 10
89.63877 33.817894 -131.95555 90.37649 45.304096 -119.05098 99.96676 41.255154 -122.88109 214 102 10
171.52493 45.304096 -119.05098 172.26265 33.817894 -131.95555 161.93466 41.255154 -122.88109 212 104 10
172.26265 33.817894 -131.95555 160.45924 24.30553 -138.14995 161.93466 41.255154 -122.88109 212 109 10
101.442184 24.30553 -138.14995 99.96676 41.255154 -122.88109 107.34389 41.822548 -125.65799 206 101 10
101.442184 24.30553 -138.14995 107.34389 41.822548 -125.65799 111.77017 26.38063 -141.03 202 106 10
154.55754 41.822548 -125.65799 161.93466 41.255154 -122.88109 160.45924 24.30553 -138.14995 208 106 10
154.55754 41.822548 -125.65799 160.45924 24.30553 -138.14995 150.13126 26.38063 -141.03 212 103 10
111.77017 26.38063 -141.03 107.34389 41.822548 -125.65799 121.36044 44.566307 -140.90515 211 105 10
107.34389 41.822548 -125.65799 115.45874 46.91306 -128.74434 121.36044 44.566307 -140.90515 219 100 10
146.44269 46.91306 -128.74434 154.55754 41.822548 -125.65799 140.54099 44.566307 -140.90515 210 101 10
154.55754 41.822548 -125.65799 150.13126 26.38063 -141.03 140.54099 44.566307 -140.90515 216 102 10
130.95071 52.38451 -137.33292 130.95071 45.778267 -123.190544 121.36044 44.566307 -140.90515 211 101 10
130.95071 45.778267 -123.190544 125.04901 39.65422 -124.1406 121.36044 44.566307 -140.90515 215 100 10
136.85242 39.65422 -124.1406 130.95071 45.778267 -123.190544 140.54099 44.566307 -140.90515 206 100 10
130.95071 45.778267 -123.190544 130.95071 52.38451 -137.33292 140.54099 44.566307 -140.90515 208 103 10
121.36044 44.566307 -140.90515 125.04901 39.65422 -124.1406 111.77017 26.38063 -141.03 216 101 10
125.04901 39.65422 -124.1406 116.19645 17.699287 -124.007576 111.77017 26.38063 -141.03 210 104 10
145.70499 17.699287 -124.007576 136.85242 39.65422 -124.1406 150.13126 26.38063 -141.03 211 101 10
136.85242 39.65422 -124.1406 140.54099 44.566307 -140.90515 150.13126 26.38063 -141.03 207 108 10
111.77017 26.38063 -141.03 116.19645 17.699287 -124.007576 101.442184 24.30553 -138.14995 205 105 10
116.19645 17.699287 -124.007576 100.704475 14.209709 -119.66171 101.442184 24.30553 -138.14995 211 106 10
161.19696 14.209709 -119.66171 145.70499 17.699287 -124.007576 160.45924 24.30553 -138.14995 203 102 10
145.70499 17.699287 -124.007576 150.13126 26.38063 -141.03 160.45924 24.30553 -138.14995 200 107 10
101.442184 24.30553 -138.14995 100.704475 14.209709 -119.66171 84.47478 29.846115 -112.51725 215 100 10
101.442184 24.30553 -138.14995 84.47478 29.846115 -112.51725 89.63877 33.817894 -131.95555 215 102 10
177.42665 29.846115 -112.51725 161.19696 14.209709 -119.66171 160.45924 24.30553 -138.14995 204 106 10
177.42665 29.846115 -112.51725 160.45924 24.30553 -138.14995 172.26265 33.817894 -131.95555 209 107 10
89.63877 33.817894 -131.95555 84.47478 29.846115 -112.51725 66.03195 47.472427 -120.56837 215 102 10
84.47478 29.846115 -112.51725 63.818817 41.89972 -102.38958 66.03195 47.472427 -120.56837 215 100 10
198.08261 41.89972 -102.38958 177.42665 29.846115 -112.51725 195.86948 47.472427 -120.56837 207 101 10
177.42665 29.846115 -112.51725 172.26265 33.817894 -131.95555 195.86948 47.472427 -120.56837 208 102 10
66.03195 47.472427 -120.56837 63.818817 41.89972 -102.38958 60.867966 52.080734 -108.56229 206 109 10
63.818817 41.89972 -102.38958 49.80226 47.54959 -97.29996 60.867966 52.080734 -108.56229 213 109 10
212.09917 47.54959 -97.29996 198.08261 41.89972 -102.38958 201.03348 52.080734 -108.56229 201 100 10
198.08261 41.89972 -102.38958 195.86948 47.472427 -120.56837 201.03348 52.080734 -108.56229 216 103 10
60.867966 52.080734 -108.56229 49.80226 47.54959 -97.29996 62.343384 69.31807 -100.15831 211 103 10
49.80226 47.54959 -97.29996 52.753113 76.45959 -73.26609 62.343384 69.31807 -100.15831 200 107 10
209.14832 76.45959 -73.26609 212.09917 47.54959 -97.29996 199.55804 69.31807 -100.15831 212 100 10
212.09917 47.54959 -97.29996 201.03348 52.080734 -108.56229 199.55804 69.31807 -100.15831 210 103 10
62.343384 69.31807 -100.15831 52.753113 76.45959 -73.26609 71.19594 93.433304 -90.85585 202 103 10
62.343384 69.31807 -100.15831 71.19594 93.433304 -90.85585 72.67137 83.36158 -105.22623 212 103 10
190.70549 93.433304 -90.85585 209.14832 76.45959 -73.26609 199.55804 69.31807 -100.15831 219 101 10
190.70549 93.433304 -90.85585 199.55804 69.31807 -100.15831 189.23006 83.36158 -105.22623 201 107 10
72.67137 83.36158 -105.22623 71.19594 93.433304 -90.85585 93.32734 92.60229 -114.072685 207 108 10
71.19594 93.433304 -90.85585 89.63877 103.326614 -90.163666 93.32734 92.60229 -114.072685 217 107 10
172.26265 103.326614 -90.163666 190.70549 93.433304 -90.85585 168.5741 92.60229 -114.072685 200 102 10
190.70549 93.433304 -90.85585 189.23006 83.36158 -105.22623 168.5741 92.60229 -114.072685 219 103 10
93.32734 92.60229 -114.072685 89.63877 103.326614 -90.163666 111.77017 107.47681 -95.92377 203 106 10
93.32734 92.60229 -114.072685 111.77017 107.47681 -95.92377 119.1473 96.20116 -138.96162 205 102 10
150.13126 107.47681 -95.92377 172.26265 103.326614 -90.163666 168.5741 92.60229 -114.072685 214 100 10
150.13126 107.47681 -95.92377 168.5741 92.60229 -114.072685 142.75412 96.20116 -138.96162 212 103 10
107.34389 155.73941 -121.13034 111.032455 130.58261 -123.51634 101.442184 131.50685 -98.936844 209 106 10
107.34389 155.73941 -121.13034 101.442184 131.50685 -98.936844 97.75362 156.38397 -100.63883 201 100 10
160.45924 131.50685 -98.936844 150.86897 130.58261 -123.51634 154.55754 155.73941 -121.13034 214 106 10
160.45924 131.50685 -98.936844 154.55754 155.73941 -121.13034 164.14781 156.38397 -100.63883 208 108 10
105.86846 167.32687 -117.81599 107.34389 155.73941 -121.13034 97.75362 156.38397 -100.63883 219 100 10
105.86846 167.32687 -117.81599 97.75362 156.38397 -100.63883 96.27819 175.69641 -95.11491 202 109 10
164.14781 156.38397 -100.63883 154.55754 155.73941 -121.13034 156.03296 167.32687 -117.81599 203 101 10
164.14781 156.38397 -100.63883 156.03296 167.32687 -117.81599 165.62323 175.69641 -95.11491 213 105 10
108.81932 176.746 -112.984245 105.86846 167.32687 -117.81599 96.27819 175.69641 -95.11491 200 105 10
108.81932 176.746 -112.984245 96.27819 175.69641 -95.11491 99.96676 181.06659 -94.11327 206 100 10
165.62323 175.69641 -95.11491 156.03296 167.32687 -117.81599 153.0821 176.746 -112.984245 215 103 10
165.62323 175.69641 -95.11491 153.0821 176.746 -112.984245 161.93466 181.06659 -94.11327 207 109 10
115.45874 178.2537 -113.087395 108.81932 176.746 -112.984245 113.98331 182.95523 -99.71865 219 106 10
108.81932 176.746 -112.984245 99.96676 181.06659 -94.11327 113.98331 182.95523 -99.71865 205 106 10
161.93466 181.06659 -94.11327 153.0821 176.746 -112.984245 147.91812 182.95523 -99.71865 214 108 10
153.0821 176.746 -112.984245 146.44269 178.2537 -113.087395 147.91812 182.95523 -99.71865 219 101 10
130.95071 179.66818 -114.55321 115.45874 178.2537 -113.087395 130.95071 184.18326 -103.90978 210 100 10
115.45874 178.2537 -113.087395 113.98331 182.95523 -99.71865 130.95071 184.18326 -103.90978 204 102 10
147.91812 182.95523 -99.71865 146.44269 178.2537 -113.087395 130.95071 184.18326 -103.90978 213 106 10
146.44269 178.2537 -113.087395 130.95071 179.66818 -114.55321 130.95071 184.18326 -103.90978 201 106 10
85.95021 63.497803 -129.879 86.68793 63.684258 -127.15368 89.63877 71.12955 -129.03209 214 102 10
85.95021 63.497803 -129.879 89.63877 71.12955 -129.03209 88.90106 71.696945 -131.80899 211 109 10
172.26265 71.12955 -129.03209 175.2135 63.684258 -127.15368 175.95122 63.497803 -129.879 207 102 10
172.26265 71.12955 -129.03209 175.95122 63.497803 -129.879 173.00037 71.696945 -131.80899 209 104 10
88.90106 71.696945 -131.80899 89.63877 71.12955 -129.03209 97.75362 73.9585 -131.96371 216 107 10
88.90106 71.696945 -131.80899 97.75362 73.9585 -131.96371 97.75362 75.18652 -136.15486 209 106 10
164.14781 73.9585 -131.96371 172.26265 71.12955 -129.03209 173.00037 71.696945 -131.80899 201 108 10
164.14781 73.9585 -131.96371 173.00037 71.696945 -131.80899 164.14781 75.18652 -136.15486 211 100 10
97.75362 75.18652 -136.15486 97.75362 73.9585 -131.96371 105.13075 70.75664 -134.48274 209 108 10
97.75362 75.18652 -136.15486 105.13075 70.75664 -134.48274 105.86846 71.23081 -138.6223 214 101 10
156.77068 70.75664 -134.48274 164.14781 73.9585 -131.96371 164.14781 75.18652 -136.15486 214 107 10
156.77068 70.75664 -134.48274 164.14781 75.18652 -136.15486 156.03296 71.23081 -138.6223 207 102 10
105.86846 71.23081 -138.6223 105.13075 70.75664 -134.48274 108.081604 63.21812 -133.96698 215 106 10
105.86846 71.23081 -138.6223 108.081604 63.21812 -133.96698 109.55703 62.93844 -138.05498 210 104 10
153.81982 63.21812 -133.96698 156.77068 70.75664 -134.48274 156.03296 71.23081 -138.6223 205 105 10
153.81982 63.21812 -133.96698 156.03296 71.23081 -138.6223 152.34439 62.93844 -138.05498 202 100 10
109.55703 62.93844 -138.05498 108.081604 63.21812 -133.96698 105.86846 53.892212 -137.43607 215 107 10
108.081604 63.21812 -133.96698 105.13075 54.92575 -133.39966 105.86846 53.892212 -137.43607 218 101 10
156.77068 54.92575 -133.39966 153.81982 63.21812 -133.96698 156.03296 53.892212 -137.43607 219 103 10
153.81982 63.21812 -133.96698 152.34439 62.93844 -138.05498 156.03296 53.892212 -137.43607 212 107 10
105.86846 53.892212 -137.43607 105.13075 54.92575 -133.39966 97.75362 50.30941 -134.45287 203 101 10
105.13075 54.92575 -133.39966 97.75362 52.096794 -130.46803 97.75362 50.30941 -134.45287 207 102 10
164.14781 52.096794 -130.46803 156.77068 54.92575 -133.39966 164.14781 50.30941 -134.45287 219 109 10
156.77068 54.92575 -133.39966 156.03296 53.892212 -137.43607 164.14781 50.30941 -134.45287 205 104 10
97.75362 50.30941 -134.45287 97.75362 52.096794 -130.46803 88.90106 54.358353 -130.62276 216 100 10
97.75362 52.096794 -130.46803 89.63877 55.29866 -127.949005 88.90106 54.358353 -130.62276 212 105 10
172.26265 55.29866 -127.949005 164.14781 52.096794 -130.46803 173.00037 54.358353 -130.62276 214 109 10
164.14781 52.096794 -130.46803 164.14781 50.30941 -134.45287 173.00037 54.358353 -130.62276 216 105 10
88.90106 54.358353 -130.62276 89.63877 55.29866 -127.949005 85.95021 63.497803 -129.879 212 103 10
89.63877 55.29866 -127.949005 86.68793 63.684258 -127.15368 85.95021 63.497803 -129.879 219 108 10
175.2135 63.684258 -127.15368 172.26265 55.29866 -127.949005 175.95122 63.497803 -129.879 219 101 10
172.26265 55.29866 -127.949005 173.00037 54.358353 -130.62276 175.95122 63.497803 -129.879 218 107 10
77.83536 64.70976 -112.16439 86.68793 63.684258 -127.15368 83.73706 50.20012 -113.90978 216 108 10
86.68793 63.684258 -127.15368 89.63877 55.29866 -127.949005 83.73706 50.20012 -113.90978 219 108 10
172.26265 55.29866 -127.949005 175.2135 63.684258 -127.15368 178.16437 50.20012 -113.90978 205 105 10
175.2135 63.684258 -127.15368 184.06607 64.70976 -112.16439 178.16437 50.20012 -113.90978 211 104 10
71.933655 66.01495 -93.08712 77.83536 64.70976 -112.16439 79.31079 46.982193 -94.523056 213 109 10
77.83536 64.70976 -112.16439 83.73706 50.20012 -113.90978 79.31079 46.982193 -94.523056 213 106 10
178.16437 50.20012 -113.90978 184.06607 64.70976 -112.16439 182.59064 46.982193 -94.523056 218 109 10
184.06607 64.70976 -112.16439 189.96777 66.01495 -93.08712 182.59064 46.982193 -94.523056 201 107 10
79.31079 46.982193 -94.523056 83.73706 50.20012 -113.90978 97.75362 38.97754 -100.82062 200 107 10
83.73706 50.20012 -113.90978 97.75362 43.796394 -118.94783 97.75362 38.97754 -100.82062 206 107 10
164.14781 43.796394 -118.94783 178.16437 50.20012 -113.90978 164.14781 38.97754 -100.82062 214 101 10
178.16437 50.20012 -113.90978 182.59064 46.982193 -94.523056 164.14781 38.97754 -100.82062 204 103 10
83.73706 50.20012 -113.90978 89.63877 55.29866 -127.949005 97.75362 43.796394 -118.94783 211 102 10
89.63877 55.29866 -127.949005 97.75362 52.096794 -130.46803 97.75362 43.796394 -118.94783 204 105 10
164.14781 52.096794 -130.46803 172.26265 55.29866 -127.949005 164.14781 43.796394 -118.94783 206 101 10
172.26265 55.29866 -127.949005 178.16437 50.20012 -113.90978 164.14781 43.796394 -118.94783 205 101 10
97.75362 43.796394 -118.94783 97.75362 52.096794 -130.46803 111.77017 49.547523 -123.44842 219 102 10
97.75362 52.096794 -130.46803 105.13075 54.92575 -133.39966 111.77017 49.547523 -123.44842 219 102 10
156.77068 54.92575 -133.39966 164.14781 52.096794 -130.46803 150.13126 49.547523 -123.44842 215 105 10
164.14781 52.096794 -130.46803 164.14781 43.796394 -118.94783 150.13126 49.547523 -123.44842 213 104 10
97.75362 38.97754 -100.82062 97.75362 43.796394 -118.94783 116.19645 46.143147 -106.78702 209 103 10
97.75362 43.796394 -118.94783 111.77017 49.547523 -123.44842 116.19645 46.143147 -106.78702 202 104 10
150.13126 49.547523 -123.44842 164.14781 43.796394 -118.94783 145.70499 46.143147 -106.78702 207 101 10
164.14781 43.796394 -118.94783 164.14781 38.97754 -100.82062 145.70499 46.143147 -106.78702 204 103 10
116.19645 46.143147 -106.78702 111.77017 49.547523 -123.44842 123.573586 64.89622 -109.439064 218 105 10
111.77017 49.547523 -123.44842 117.671875 63.870712 -124.42835 123.573586 64.89622 -109.439064 202 106 10
144.22955 63.870712 -124.42835 150.13126 49.547523 -123.44842 138.32785 64.89622 -109.439064 214 103 10
150.13126 49.547523 -123.44842 145.70499 46.143147 -106.78702 138.32785 64.89622 -109.439064 218 102 10
111.77017 49.547523 -123.44842 105.13075 54.92575 -133.39966 108.081604 63.21812 -133.96698 210 101 10
111.77017 49.547523 -123.44842 108.081604 63.21812 -133.96698 117.671875 63.870712 -124.42835 215 108 10
153.81982 63.21812 -133.96698 156.77068 54.92575 -133.39966 150.13126 49.547523 -123.44842 205 100 10
153.81982 63.21812 -133.96698 150.13126 49.547523 -123.44842 144.22955 63.870712 -124.42835 200 102 10
117.671875 63.870712 -124.42835 108.081604 63.21812 -133.96698 111.77017 78.1939 -125.40829 205 109 10
108.081604 63.21812 -133.96698 105.13075 70.75664 -134.48274 111.77017 78.1939 -125.40829 210 100 10
156.77068 70.75664 -134.48274 153.81982 63.21812 -133.96698 150.13126 78.1939 -125.40829 210 102 10
153.81982 63.21812 -133.96698 144.22955 63.870712 -124.42835 150.13126 78.1939 -125.40829 211 100 10
123.573586 64.89622 -109.439064 117.671875 63.870712 -124.42835 116.19645 83.081894 -109.31422 212 106 10
117.671875 63.870712 -124.42835 111.77017 78.1939 -125.40829 116.19645 83.081894 -109.31422 208 109 10
150.13126 78.1939 -125.40829 144.22955 63.870712 -124.42835 145.70499 83.081894 -109.31422 217 106 10
144.22955 63.870712 -124.42835 138.32785 64.89622 -109.439064 145.70499 83.081894 -109.31422 207 107 10
116.19645 83.081894 -109.31422 111.77017 78.1939 -125.40829 97.75362 84.5044 -121.7329 203 104 10
116.19645 83.081894 -109.31422 97.75362 84.5044 -121.7329 97.75362 90.993324 -104.37932 207 109 10
164.14781 84.5044 -121.7329 150.13126 78.1939 -125.40829 145.70499 83.081894 -109.31422 215 103 10
164.14781 84.5044 -121.7329 145.70499 83.081894 -109.31422 164.14781 90.993324 -104.37932 204 103 10
111.77017 78.1939 -125.40829 105.13075 70.75664 -134.48274 97.75362 73.9585 -131.96371 208 100 10
111.77017 78.1939 -125.40829 97.75362 73.9585 -131.96371 97.75362 84.5044 -121.7329 203 106 10
164.14781 73.9585 -131.96371 156.77068 70.75664 -134.48274 150.13126 78.1939 -125.40829 201 102 10
164.14781 73.9585 -131.96371 150.13126 78.1939 -125.40829 164.14781 84.5044 -121.7329 219 103 10
97.75362 84.5044 -121.7329 97.75362 73.9585 -131.96371 89.63877 71.12955 -129.03209 203 104 10
97.75362 84.5044 -121.7329 89.63877 71.12955 -129.03209 83.73706 78.8465 -115.86965 208 106 10
172.26265 71.12955 -129.03209 164.14781 73.9585 -131.96371 164.14781 84.5044 -121.7329 213 109 10
172.26265 71.12955 -129.03209 164.14781 84.5044 -121.7329 178.16437 78.8465 -115.86965 213 102 10
97.75362 90.993324 -104.37932 97.75362 84.5044 -121.7329 83.73706 78.8465 -115.86965 213 101 10
97.75362 90.993324 -104.37932 83.73706 78.8465 -115.86965 79.31079 83.920944 -97.050255 205 105 10
178.16437 78.8465 -115.86965 164.14781 84.5044 -121.7329 164.14781 90.993324 -104.37932 215 106 10
178.16437 78.8465 -115.86965 164.14781 90.993324 -104.37932 182.59064 83.920944 -97.050255 206 109 10
79.31079 83.920944 -97.050255 83.73706 78.8465 -115.86965 77.83536 64.70976 -112.16439 201 106 10
79.31079 83.920944 -97.050255 77.83536 64.70976 -112.16439 71.933655 66.01495 -93.08712 218 108 10
184.06607 64.70976 -112.16439 178.16437 78.8465 -115.86965 182.59064 83.920944 -97.050255 219 101 10
184.06607 64.70976 -112.16439 182.59064 83.920944 -97.050255 189.96777 66.01495 -93.08712 204 104 10
83.73706 78.8465 -115.86965 89.63877 71.12955 -129.03209 86.68793 63.684258 -127.15368 203 104 10
83.73706 78.8465 -115.86965 86.68793 63.684258 -127.15368 77.83536 64.70976 -112.16439 202 102 10
175.2135 63.684258 -127.15368 172.26265 71.12955 -129.03209 178.16437 78.8465 -115.86965 212 100 10
175.2135 63.684258 -127.15368 178.16437 78.8465 -115.86965 184.06607 64.70976 -112.16439 212 108 10
